#Step KinEng PotEng TotEng E_pair c_erodrod E_bond E_angle Press Temp Lx Volume 
       0    1.3239521    13.995131    15.319083   -4.6127414   -4.1925078    18.576934  0.030938209 -0.012765325    0.8827451    20.745514    8928.3786 
    1000    1.1918294    13.750972    14.942802   -4.8069903   -4.3644546    18.528494  0.029469008 -0.049424342   0.79465224    20.578213    8714.1087 
    2000    1.0745279    13.488491    14.563018   -5.0297656   -4.5667198    18.489875  0.028381359  0.010751735   0.71644149    20.375051    8458.5536 
    3000   0.96015282    13.313747      14.2739   -5.1747584   -4.7005238    18.463901  0.024604415  0.045807256    0.6401819    20.247357    8300.5147 
    4000    0.8957183    13.202162     14.09788   -5.2662594   -4.7862763    18.444495  0.023925677 -0.091062939   0.59722019    20.168016    8203.3173 
    5000   0.89813792    13.126463    14.024601   -5.3356445   -4.8466278    18.438806   0.02330166  0.069441647   0.59883347    20.125551    8151.6094 
    6000   0.89796567    13.160493    14.058459   -5.3179195   -4.8322161    18.454271  0.024141326 -0.005365537   0.59871862    20.120887    8145.9428 
    7000   0.91966293     13.15214    14.071803    -5.323032   -4.8338415    18.451433   0.02373893 -0.026080608   0.61318527    20.127784    8154.3228 
    8000   0.88557256    13.140052    14.025624   -5.3317883   -4.8395576     18.44966  0.022179686  0.058021582   0.59045551    20.108976    8131.4852 
    9000   0.88461735    13.132462    14.017079   -5.3410423   -4.8543333      18.4529  0.020604777  0.049483367   0.58981863    20.104776    8126.3906 
   10000   0.91855238    13.136632    14.055185   -5.3340153   -4.8452494    18.448645  0.022002348  -0.12482931   0.61244481    20.131729     8159.118 
   11000   0.89086513    13.144619    14.035484   -5.3346277   -4.8463957    18.454878  0.024368329 -0.073132962   0.59398433    20.129086    8155.9048 
   12000   0.87947173      13.1225    14.001972   -5.3451506   -4.8556543     18.44624  0.021410355 0.0041231027   0.58638778    20.116815    8140.9985 
   13000   0.89337122    13.142822    14.036194   -5.3318737   -4.8468005    18.453117  0.021579474  -0.17046785   0.59565527    20.138595     8167.469 
   14000   0.90517762    13.169423    14.074601   -5.3093955     -4.81839    18.455736  0.023082907  -0.14643641   0.60352719    20.153226     8185.283 
   15000   0.90398513    13.146993    14.050978   -5.3183942   -4.8309583    18.443449  0.021937853  -0.18886073   0.60273209    20.142983    8172.8096 
   16000   0.89445567    13.141591    14.036047    -5.331696   -4.8395574    18.450109    0.0231777 -0.077345531   0.59637833    20.125004    8150.9442 
   17000   0.90110108    13.156598    14.057699   -5.3245121   -4.8359627    18.460022  0.021088041 -0.080297706   0.60080916    20.135879    8164.1649 
   18000   0.90616039    13.148093    14.054253   -5.3271019   -4.8379979    18.452119  0.023076233  0.046570807   0.60418245    20.130969    8158.1947 
   19000   0.89562812    13.129941    14.025569   -5.3400895   -4.8472963     18.44851   0.02152022  0.072944463   0.59716006    20.109698    8132.3611 
   20000    0.9182146    13.124863    14.043078   -5.3365852   -4.8481125    18.441067  0.020381354  0.087748816   0.61221959    20.106319     8128.262 
   21000   0.90251195     13.14653    14.049042   -5.3308517   -4.8464578    18.455868  0.021513373  0.068752545   0.60174985    20.115346     8139.215 
   22000   0.90313754    13.132903     14.03604   -5.3400528    -4.852723    18.451677  0.021278357 -0.035496787   0.60216696    20.114847    8138.6098 
   23000   0.90341894    13.136044    14.039463   -5.3268488   -4.8377442    18.440809  0.022084069  0.022797759   0.60235459    20.116508    8140.6252 
   24000   0.91873664    13.137905    14.056641    -5.334005   -4.8411182    18.450205  0.021704608   0.20023956   0.61256767    20.114929    8138.7089 
   25000   0.90206408      13.1331    14.035164   -5.3419545   -4.8460439    18.451457  0.023597567 -0.058853063   0.60145124    20.107889    8130.1663 
   26000   0.88465496    13.135326    14.019981   -5.3415621   -4.8479326    18.455838  0.021050225   0.13630326    0.5898437     20.11204     8135.203 
   27000   0.90892688    13.123597    14.032524   -5.3478902   -4.8536458    18.450879  0.020608186 -0.016436506   0.60602701    20.111579     8134.643 
   28000    0.9136911    13.119448    14.033139   -5.3498667   -4.8543628      18.4495  0.019814469  -0.10763383   0.60920355    20.111111    8134.0753 
   29000   0.89083107    13.128358    14.019189   -5.3445019   -4.8508244    18.450594  0.022266423  -0.14079078   0.59396163    20.100147    8120.7787 
   30000   0.90722072    13.124492    14.031713    -5.346122   -4.8529494    18.449173  0.021441811 -0.013793264   0.60488942    20.112883    8136.2261 
   31000     0.906129    13.123254    14.029383   -5.3449141   -4.8522545    18.445582  0.022585802 -0.011324774   0.60416152    20.110854    8133.7639 
   32000   0.89000849    13.125707    14.015715   -5.3452265   -4.8576129    18.449593   0.02133985  -0.11569003   0.59341317    20.107419    8129.5968 
   33000   0.91800305    13.114694    14.032697   -5.3592649   -4.8649121    18.453893  0.020066754  -0.04236494   0.61207854     20.10504    8126.7112 
   34000   0.88979245    13.133778     14.02357   -5.3338546   -4.8450406    18.446225  0.021407589   0.12518155   0.59326913    20.116234    8140.2935 
   35000   0.91279164    13.118049    14.030841   -5.3573369   -4.8636694    18.453803  0.021583048  0.030909559   0.60860384    20.099882    8120.4585 
   36000   0.91042472    13.118656    14.029081   -5.3554621    -4.862586    18.451864  0.022253859   0.12258282   0.60702569    20.106453    8128.4246 
   37000   0.90872972    13.131684    14.040414   -5.3399865   -4.8517878    18.451669  0.020001549   0.11752783   0.60589555    20.108542    8130.9585 
   38000   0.91004813    13.125701    14.035749   -5.3476515   -4.8580833    18.451661  0.021691226 -0.064680099    0.6067746    20.109136     8131.679 
   39000   0.88833582    13.126396    14.014732   -5.3424901   -4.8516545     18.44793  0.020955665  0.046419701   0.59229792    20.109559    8132.1918 
   40000   0.89389645    13.147318    14.041214   -5.3243326   -4.8348009    18.449778  0.021872423 -0.012661973   0.59600547    20.126762    8153.0811 
   41000   0.89486319    13.148239    14.043102   -5.3160911   -4.8266464    18.444973  0.019357049 -0.027716137   0.59665004    20.133159    8160.8571 
   42000    0.8887128    13.137469    14.026182   -5.3395361    -4.848565    18.455591  0.021414555 0.0040693667   0.59254927    20.115087    8138.9006 
   43000   0.89013979    13.106945    13.997085   -5.3651218   -4.8682226    18.450869  0.021198447 -0.0072398246   0.59350071    20.093888    8113.1951 
   44000   0.90695383    13.122972    14.029926   -5.3555452   -4.8634498    18.457411  0.021107137 -0.072732379   0.60471148     20.11888    8143.5054 
   45000   0.88688383    13.137166     14.02405   -5.3356828   -4.8444743    18.452833   0.02001569  -0.14393984    0.5913298    20.131573     8158.929 
   46000   0.89149279    13.143052    14.034544   -5.3301084   -4.8364951    18.454365  0.018794941 -0.044641661   0.59440283    20.127486    8153.9607 
   47000   0.91366532     13.13733    14.050995   -5.3362841   -4.8456116    18.453991  0.019622733 0.0062075901   0.60918636     20.12325    8148.8129 
   48000    0.8999595    13.125676    14.025635   -5.3496532    -4.850681    18.454682  0.020647411  -0.15445298   0.60004801     20.11453    8138.2251 
   49000   0.90692053    13.127997    14.034918   -5.3341294   -4.8445231    18.441853  0.020272953 0.0096415512   0.60468927    20.114127    8137.7358 
   50000   0.92127426    13.135688    14.056962   -5.3373012   -4.8439823    18.455964   0.01702515   0.12653497   0.61425962    20.113545    8137.0293 
   51000   0.89977531    13.134315    14.034091   -5.3433149   -4.8490889    18.456538  0.021092412  0.036307753    0.5999252    20.109519    8132.1433 
   52000   0.90052336    13.107451    14.007974   -5.3588367   -4.8627551    18.444767  0.021520117  -0.14851383   0.60042396    20.114577    8138.2819 
   53000   0.88785881     13.12745    14.015309   -5.3473557   -4.8563877    18.455639  0.019166709  0.021478128   0.59197987    20.115304     8139.164 
   54000    0.8991759    13.141984     14.04116   -5.3376574   -4.8463925    18.460372   0.01926937 -2.1201793e-05   0.59952554    20.123843    8149.5332 
   55000   0.89161404    13.126183    14.017797   -5.3386945   -4.8514371    18.444754  0.020124007  -0.12607656   0.59448367    20.120211    8145.1222 
   56000   0.89391963    13.128962    14.022881   -5.3402878   -4.8488865    18.448679  0.020570517  -0.17115569   0.59602092    20.123694    8149.3531 
   57000   0.90293021    13.143104    14.046034   -5.3202987   -4.8311718     18.44448  0.018921951 -0.0085100241   0.60202873    20.135507    8163.7125 
   58000   0.91313307    13.125339    14.038472   -5.3460729   -4.8543747    18.451941  0.019471044  -0.14577731   0.60883148    20.116183     8140.231 
   59000   0.89540313    13.126813    14.022216   -5.3433708   -4.8541996    18.451326  0.018857299  0.052545563   0.59701005     20.10551    8127.2811 
   60000   0.90153808    13.129179    14.030717   -5.3368408   -4.8456904    18.445234  0.020785524 -0.070689184   0.60110052    20.120601    8145.5953 
   61000   0.91203457    13.148789    14.060824    -5.326307   -4.8365117    18.453779  0.021317817 -0.092207127   0.60809906    20.132612     8160.192 
   62000   0.89788277    13.150096    14.047979   -5.3213896   -4.8270062    18.451005  0.020480728 -0.053708519   0.59866334    20.128662    8155.3898 
   63000   0.89833576    13.129261    14.027596   -5.3333707   -4.8405178    18.444965  0.017666651 0.0043148358   0.59896538    20.130437     8157.547 
   64000    0.9040437    13.126202    14.030246    -5.340876   -4.8509217     18.44816  0.018918496   0.12567872   0.60277115    20.115723    8139.6723 
   65000   0.91156148    13.146451    14.058013   -5.3215314   -4.8293222    18.449864  0.018118672  0.063542009   0.60778363    20.127911    8154.4768 
   66000   0.89690564    13.132141    14.029046   -5.3376025   -4.8453247    18.452818  0.016925126   0.13447612   0.59801185    20.114644    8138.3634 
   67000   0.89342683    13.126043    14.019469   -5.3395276   -4.8451307    18.445923  0.019646691  0.019207426   0.59569235     20.10739     8129.561 
   68000   0.88439571    13.107348    13.991744   -5.3510025   -4.8568097    18.439849  0.018501802  -0.10002951   0.58967085    20.108729     8131.185 
   69000   0.88477549    13.132375    14.017151   -5.3398483   -4.8452427    18.451484  0.020739014 -0.079623031   0.58992407    20.120419    8145.3751 
   70000   0.89836914    13.132493    14.030862   -5.3377775   -4.8415421    18.450819  0.019451692 -0.051042583   0.59898763    20.120881    8145.9351 
   71000   0.90707055    13.140787    14.047858   -5.3331218   -4.8428271    18.455187  0.018721569  -0.10454896    0.6047893    20.120873    8145.9265 
   72000   0.88510493    13.143355    14.028459    -5.335312   -4.8425839    18.458768  0.019898314  0.088814452   0.59014372    20.111315    8134.3233 
   73000   0.90004531    13.125075     14.02512   -5.3492535   -4.8577133    18.455459  0.018869015   0.13706918   0.60010522    20.097826    8117.9662 
   74000    0.9159325    13.136195    14.052127   -5.3355951   -4.8446574    18.453731  0.018058664   0.14432735     0.610698    20.113056    8136.4359 
   75000   0.90638967     13.12888     14.03527   -5.3479574   -4.8517874    18.457635   0.01920227 -0.054270058   0.60433532     20.09919    8119.6198 
   76000    0.9104423    13.117538     14.02798   -5.3546674   -4.8565259    18.452508  0.019697582  0.063677782   0.60703741    20.095679     8115.365 
   77000   0.90014112    13.128492    14.028633   -5.3434755   -4.8478058    18.451954   0.02001291   0.31792139    0.6001691    20.089125    8107.4269 
   78000   0.91028529    13.122997    14.033282   -5.3481961   -4.8554793    18.451011  0.020181873   0.16202561   0.60693273    20.092726    8111.7883 
   79000   0.90534996    13.129181    14.034531   -5.3412735   -4.8421781    18.450963  0.019490598   0.11456165    0.6036421    20.106773    8128.8126 
   80000   0.89831031    13.137787    14.036097   -5.3336083   -4.8408381    18.453372  0.018023481   0.10234342   0.59894841    20.115941    8139.9377 
   81000   0.90276746     13.10921    14.011977   -5.3600172   -4.8659663    18.449513  0.019714051 -0.071769892   0.60192021    20.106079    8127.9709 
   82000   0.88588204    13.124024    14.009906   -5.3488683   -4.8519946    18.452538  0.020354553 -0.098156983   0.59066186    20.110321    8133.1168 
   83000   0.90840394    13.128424    14.036828   -5.3450044   -4.8516224    18.453465  0.019962954  0.040564748   0.60567834    20.118703    8143.2902 
   84000   0.88369671    13.129123    14.012819   -5.3377999   -4.8448374    18.446953  0.019969224 -0.018460733   0.58920479    20.120197    8145.1053 
   85000   0.88767156    13.136727    14.024398   -5.3363882   -4.8435854    18.454571  0.018543648  -0.11153063   0.59185502    20.128042    8154.6364 
   86000   0.88837672    13.143187    14.031564   -5.3376398   -4.8434032     18.45985  0.020977131   -0.1195529   0.59232519    20.130712    8157.8815 
   87000   0.89701917     13.12979    14.026809   -5.3416026   -4.8500044    18.450427  0.020965566  -0.16002387   0.59808754     20.12521    8151.1948 
   88000   0.88660808    13.138502    14.025111   -5.3358296   -4.8411179    18.453799  0.020532669  0.093006897   0.59114594     20.11608    8140.1054 
   89000   0.89992171    13.143056    14.042978   -5.3260623   -4.8350757    18.450595  0.018523342 -0.076646376   0.60002281    20.122674    8148.1134 
   90000   0.90111842     13.14491    14.046028   -5.3273952   -4.8335963    18.452354  0.019951283 -0.064530849   0.60082071    20.121645    8146.8634 
   91000   0.90589502    13.115463    14.021358   -5.3468405   -4.8538981    18.442315  0.019988604   0.21652156   0.60400551    20.106128    8128.0309 
   92000   0.90781287    13.114904    14.022717   -5.3556742   -4.8605053    18.451915   0.01866341 -0.023541665   0.60528424    20.103749    8125.1461 
   93000   0.90546168     13.10788    14.013341   -5.3629973   -4.8692107    18.451878  0.018999047  0.030422426   0.60371659    20.104277    8125.7858 
   94000   0.89133607    13.110402    14.001738   -5.3598163   -4.8677206     18.44964  0.020577932 -0.073616891   0.59429833    20.109659    8132.3131 
   95000   0.89184169    13.135202    14.027044   -5.3312747   -4.8383503    18.446934  0.019542509  0.012535374   0.59463545    20.117719    8142.0956 
   96000    0.8973303    13.126341    14.023671   -5.3431614   -4.8502375     18.44931  0.020192761   -0.1332314   0.59829499    20.119385    8144.1195 
   97000   0.89364991    13.118714    14.012363   -5.3515789     -4.85866    18.450484  0.019808234   -0.1517404   0.59584109    20.114191    8137.8129 
   98000   0.89116639    13.127969    14.019136   -5.3455613   -4.8520388    18.454015  0.019515719 -0.0024341575    0.5941852    20.117511     8141.843 
   99000   0.90254541    13.134854    14.037399   -5.3402765   -4.8472671    18.456045  0.019085288  -0.11550063   0.60177216    20.124175     8149.937 
  100000    0.9023292    13.105868    14.008197   -5.3681691   -4.8743375    18.452326  0.021710673  0.062840475   0.60162801    20.089344     8107.693 
  101000   0.89990726    13.114304    14.014211    -5.360752   -4.8683883    18.456857  0.018199148  0.068593273   0.60001318    20.090373    8108.9382 
  102000   0.90354135    13.126175    14.029716   -5.3469858   -4.8505964    18.453579  0.019581164   0.14695996   0.60243621     20.10138    8122.2736 
  103000   0.90345292    13.155878    14.059331    -5.322573   -4.8297435    18.459664   0.01878746   0.13565666   0.60237724    20.121647    8146.8658 
  104000   0.89698241    13.137315    14.034297   -5.3358446   -4.8427869    18.454345  0.018813607  0.062010779   0.59806303    20.107841    8130.1085 
  105000   0.89313005    13.136161    14.029291   -5.3418479   -4.8463188    18.458021  0.019988187   0.19167311   0.59549447    20.112954    8136.3119 
  106000   0.88977051    13.116328    14.006099   -5.3504437   -4.8575936    18.449749  0.017023068  0.075770102    0.5932545    20.104243    8125.7448 
  107000   0.89131868    13.114164    14.005482   -5.3529294     -4.86314    18.449012  0.018080519  0.083067048   0.59428674    20.111293    8134.2965 
  108000    0.9033514    13.119623    14.022975   -5.3541875   -4.8640238    18.454299  0.019511796  -0.23960317   0.60230955    20.112256    8135.4643 
  109000   0.89779538    13.130246    14.028041   -5.3398477   -4.8476322    18.451889  0.018204348  -0.10283051   0.59860508    20.115948    8139.9456 
  110000   0.90652363    13.140668    14.047192    -5.335298   -4.8442144    18.457925  0.018041062 0.0098303623   0.60442464    20.133761    8161.5895 
  111000   0.89773977    13.119423    14.017163   -5.3464018    -4.853259    18.447419  0.018405452 -0.051306834     0.598568    20.121077    8146.1735 
  112000   0.89884687    13.121859    14.020706   -5.3441173   -4.8507325    18.446722  0.019253881 -0.034562283   0.59930616    20.123414    8149.0123 
  113000   0.90346598    13.138379    14.041845   -5.3338103   -4.8425061    18.453375  0.018814076 -0.006725486   0.60238595    20.118678    8143.2607 
  114000    0.8996508    13.123133    14.022783   -5.3542006   -4.8620745    18.457671  0.019662244 -0.068200077   0.59984218    20.101114     8121.951 
  115000   0.90325406    13.109049    14.012303   -5.3611697   -4.8684717     18.45262  0.017598469   0.20594906   0.60224466    20.087537    8105.5047 
  116000   0.89433948    13.105127    13.999467   -5.3678147   -4.8759699    18.452938  0.020004116  0.027516997   0.59630086    20.094109    8113.4628 
  117000   0.91634848    13.115444    14.031792   -5.3585566    -4.864455    18.455763  0.018237334 -0.032459098   0.61097536     20.10781    8130.0705 
  118000   0.90289001    13.113924    14.016814   -5.3597428   -4.8643099    18.454739  0.018927278  0.071301386   0.60200192    20.099203    8119.6349 
  119000   0.89083026     13.09895     13.98978   -5.3631436   -4.8659095    18.445328  0.016765721   0.12956807   0.59396108    20.089265    8107.5973 
  120000   0.90799213    13.118323    14.026315   -5.3499777   -4.8550666    18.451155  0.017145782  0.081063673   0.60540376    20.102295    8123.3832 
  121000   0.89678781    13.124702     14.02149   -5.3474681   -4.8521318    18.455041  0.017129806   0.22872898   0.59793328      20.1014    8122.2975 
  122000   0.90158941    13.112148    14.013737   -5.3573328   -4.8683622    18.450607  0.018873405 -0.064152429   0.60113475    20.102565    8123.7104 
  123000   0.88992025    13.116694    14.006614   -5.3604895   -4.8654377    18.458192  0.018991215  0.088986822   0.59335434    20.102479    8123.6066 
  124000   0.91265776     13.11209    14.024748    -5.357053   -4.8615984    18.450531   0.01861186   0.05900419   0.60851457    20.097143    8117.1391 
  125000   0.90521861    13.127554    14.032772   -5.3498352   -4.8553163    18.458143  0.019245607   0.14562621   0.60355452    20.107879    8130.1544 
  126000   0.89328529      13.1193    14.012585   -5.3500263   -4.8593281    18.449509  0.019817789  -0.03961893   0.59559798    20.112471     8135.726 
  127000   0.90634443    13.128668    14.035013   -5.3370592   -4.8477084    18.445481  0.020246966  -0.02413599   0.60430516    20.119578    8144.3528 
  128000    0.8999544     13.13919    14.039144   -5.3396299   -4.8472567    18.459527  0.019292485 -0.068275025    0.6000446    20.118401    8142.9234 
  129000   0.91059478    13.120933    14.031528     -5.34842    -4.854548    18.450684  0.018669615  0.018701363   0.60713908    20.112619    8135.9049 
  130000   0.88425306    13.139161    14.023414   -5.3396163   -4.8470856    18.458633  0.020143773  0.044692611   0.58957574    20.101951    8122.9661 
  131000   0.88959708       13.105    13.994597    -5.360453   -4.8670932    18.443672  0.021780571  0.079853585   0.59313886    20.099595    8120.1105 
  132000   0.89216785    13.129431    14.021599   -5.3365696   -4.8455803    18.446629  0.019372176  0.011151732   0.59485292    20.115144    8138.9693 
  133000   0.90126212    13.131088     14.03235   -5.3449527   -4.8509733    18.456497  0.019543768   0.16133382   0.60091653    20.108664    8131.1069 
  134000   0.89114846    13.108506    13.999655   -5.3545529   -4.8658682    18.444027  0.019032276   0.15246644   0.59417325    20.103416    8124.7415 
  135000   0.89913281    13.116273    14.015406   -5.3544312   -4.8640186    18.450402  0.020302869 -0.056440782   0.59949681    20.099676    8120.2084 
  136000   0.90094049    13.124108    14.025049    -5.349939   -4.8623754    18.453826  0.020221644   0.15985086   0.60070208    20.099193    8119.6234 
  137000   0.89967219    13.146773    14.046445   -5.3254862   -4.8352697    18.451047  0.021212046   0.06028829   0.59985644    20.118502    8143.0472 
  138000   0.90960465    13.139968    14.049573   -5.3269198   -4.8391534    18.446293  0.020594843  -0.01719442   0.60647891    20.128595    8155.3088 
  139000   0.90208607    13.123068    14.025154   -5.3428529   -4.8549879    18.446599    0.0193211 -0.029281625    0.6014659     20.11321    8136.6226 
  140000   0.90901781    13.128213    14.037231   -5.3395492   -4.8485181    18.447493  0.020269459   0.12868671   0.60608763    20.106363    8128.3157 
  141000   0.91147522    13.152886    14.064361   -5.3166192   -4.8294774    18.450257  0.019248116   0.12765049   0.60772611    20.130502    8157.6267 
  142000   0.90959355    13.149804    14.059398   -5.3235329   -4.8384116    18.453119  0.020218276   0.12403978   0.60647151    20.118886     8143.513 
  143000   0.90007972    13.125231    14.025311   -5.3526746   -4.8648933    18.458308  0.019597537   0.16890736   0.60012816    20.100677    8121.4213 
  144000   0.89073161    13.124596    14.015328   -5.3421013   -4.8525809    18.444065  0.022632394 -0.027013521   0.59389531    20.107762    8130.0121 
  145000   0.90302269    13.137985    14.041008   -5.3343818   -4.8463034    18.450559  0.021808175 -0.025797172   0.60209039    20.119002    8143.6536 
  146000    0.9030881    13.131002     14.03409   -5.3412803   -4.8506305      18.4523  0.019982677 -0.053699921     0.602134      20.1217      8146.93 
  147000   0.89040924    13.112919    14.003328   -5.3525858   -4.8629038    18.447411  0.018093905  0.003864804   0.59368037    20.107029    8129.1238 
  148000   0.90674935     13.12026    14.027009    -5.343333   -4.8550137      18.4448  0.018792834 -0.074538051   0.60457514    20.108891    8131.3823 
  149000   0.90789446    13.126639    14.034533   -5.3484226   -4.8604388    18.454707  0.020354002  0.094267864   0.60533864    20.109149    8131.6954 
  150000   0.90560632    13.097674    14.003281   -5.3673089   -4.8751315    18.445506  0.019477308  -0.12038734   0.60381302    20.100614     8121.345 
  151000   0.90276688    13.109466    14.012233   -5.3544905    -4.865923    18.445119  0.018837596  0.055669639   0.60191983    20.104089    8125.5582 
  152000   0.89579678    13.131951    14.027748   -5.3381096   -4.8495411    18.449348  0.020712205  0.075270339   0.59727251      20.1114    8134.4263 
  153000   0.89754067     13.13886    14.036401   -5.3328899   -4.8447532    18.452019  0.019731142  0.020417688   0.59843525    20.122156    8147.4838 
  154000   0.90314851    13.145278    14.048427   -5.3350942   -4.8481843    18.459704  0.020668725  -0.10698154   0.60217428    20.126687    8152.9897 
  155000   0.89705357    13.122655    14.019708   -5.3471479   -4.8510504    18.449449  0.020353142  0.030800381   0.59811048    20.108732    8131.1886 
  156000   0.88520152    13.122177    14.007378   -5.3473827   -4.8535538    18.450455  0.019103941  0.010506202   0.59020812    20.105676    8127.4822 
  157000   0.88670164    13.102372    13.989073   -5.3643761    -4.868463    18.448129  0.018618278 -0.076173518   0.59120833    20.100673    8121.4168 
  158000    0.9003775    13.120773    14.021151   -5.3526337   -4.8622737    18.453036  0.020371276 0.0047527555   0.60032671    20.108743     8131.202 
  159000   0.89035731    13.122268    14.012625   -5.3534727   -4.8648687     18.45675  0.018990978 -0.048002104   0.59364574    20.100944    8121.7457 
  160000   0.89728394    13.091012    13.988296   -5.3761699   -4.8825351    18.447855  0.019326962 -0.071396469   0.59826407    20.085852    8103.4648 
  161000   0.89761535    13.108905    14.006521   -5.3709985   -4.8788261    18.459413  0.020490484  0.067094293   0.59848504    20.085884     8103.504 
  162000   0.90438002    13.110222    14.014602   -5.3711469   -4.8763315    18.462562  0.018806949   0.15250232   0.60299539    20.083889      8101.09 
  163000   0.91850106    13.109521    14.028022   -5.3635325   -4.8692005    18.452799  0.020253625   0.19337487   0.61241059    20.086734    8104.5329 
  164000   0.90398474    13.107503    14.011488   -5.3619989    -4.865352    18.450579  0.018922445  0.061955495   0.60273184    20.096647    8116.5381 
  165000   0.89757119    13.108713    14.006284   -5.3575853   -4.8652539    18.446684   0.01961396 -0.0092687636    0.5984556    20.099714    8120.2549 
  166000   0.91193767    13.110856    14.022793    -5.360629   -4.8668062    18.450427  0.021057706  0.035232007   0.60803445    20.107403    8129.5765 
  167000   0.90278254    13.117512    14.020295   -5.3500281   -4.8576433    18.448881  0.018659769 -0.010732237   0.60193027    20.105199    8126.9043 
  168000   0.90423824    13.092556    13.996795   -5.3736353   -4.8748722    18.448038  0.018153362   0.14616964   0.60290086    20.086527    8104.2822 
  169000   0.90072811    13.126627    14.027356   -5.3425875     -4.85069     18.44968  0.019534818 0.0068232233   0.60056048    20.114226    8137.8551 
  170000   0.90519528    13.128413    14.033608   -5.3371892   -4.8464575    18.447997  0.017605576  -0.14239601   0.60353896    20.121902    8147.1761 
  171000   0.89972502    13.116216    14.015941   -5.3475001   -4.8531589    18.443775   0.01994156 -0.049201762   0.59989167    20.109922    8132.6331 
  172000   0.88821524    13.124647    14.012862    -5.341598   -4.8504184    18.446949   0.01929518  -0.12964404   0.59221752    20.112393    8135.6306 
  173000   0.91290584    13.122712    14.035618   -5.3453967   -4.8532831    18.448612  0.019496548  -0.16264615   0.60867998    20.123571    8149.2029 
  174000   0.89688384    13.134851    14.031735   -5.3294069    -4.838385    18.444837  0.019421094  -0.13580041   0.59799731    20.122248    8147.5962 
  175000   0.89447014    13.120163    14.014633   -5.3534671   -4.8605929    18.454469  0.019161486  0.078638837   0.59638797    20.101202    8122.0579 
  176000    0.9009155    13.117378    14.018293   -5.3479136   -4.8588328    18.444879  0.020412088   0.18155415   0.60068542    20.093648    8112.9045 
  177000   0.90185396    13.135825    14.037679   -5.3363164   -4.8455912    18.451417  0.020724715   0.13306855   0.60131114    20.109887    8132.5908 
  178000   0.90493762    13.121945    14.026883   -5.3468533   -4.8588808    18.448748  0.020050521   0.06576669   0.60336717    20.096899    8116.8435 
  179000     0.901511    13.109956    14.011467   -5.3594697    -4.864691    18.451126  0.018299951     0.276262   0.60108247    20.082238    8099.0924 
  180000   0.91900875    13.107633    14.026641   -5.3635132   -4.8709083    18.453481   0.01766489  0.080051567   0.61274909    20.087137    8105.0207 
  181000   0.91888527    13.137736    14.056621   -5.3384376   -4.8450488    18.458126  0.018047579  0.062322309   0.61266677     20.11029    8133.0793 
  182000    0.9005526    13.126838    14.027391   -5.3489377   -4.8575411    18.457062  0.018713484 -0.088079304   0.60044345    20.110963    8133.8962 
  183000   0.89474926    13.110343    14.005092   -5.3598293   -4.8641003    18.452993  0.017179847  0.036382145   0.59657408    20.100845    8121.6251 
  184000   0.89939897     13.11529    14.014689   -5.3542573   -4.8604007    18.451621  0.017926124  -0.10019616   0.59967427    20.102421    8123.5362 
  185000   0.90926112    13.118093    14.027354    -5.351292   -4.8583355    18.452022  0.017362499 -0.031037381   0.60624986    20.105978    8127.8485 
  186000   0.89536035    13.109146    14.004506   -5.3618476   -4.8657353    18.453253  0.017740423  0.056870192   0.59698152    20.095743     8115.442 
  187000   0.89501958    13.110749    14.005768   -5.3609515   -4.8662929    18.453581  0.018118885   0.13284755   0.59675432     20.09856    8118.8563 
  188000   0.91729486    13.118054    14.035349   -5.3522579   -4.8601302    18.452457  0.017854803  -0.13934996   0.61160636    20.111138    8134.1081 
  189000   0.91399092    13.095315    14.009306   -5.3693106   -4.8761073    18.445196  0.019429277 -0.016391341   0.60940346     20.10023    8120.8803 
  190000   0.89687911    13.108071     14.00495   -5.3558156   -4.8580562    18.446437  0.017450391   0.11986736   0.59799415    20.095907    8115.6409 
  191000   0.90533874    13.117725    14.023064   -5.3582787   -4.8641776    18.456986  0.019017331  0.070980444   0.60363461    20.104932    8126.5808 
  192000   0.90189826    13.132872     14.03477   -5.3413769   -4.8458922    18.454669  0.019580186   -0.0471106   0.60134068    20.109724     8132.393 
  193000   0.90115388    13.112118    14.013272   -5.3545964   -4.8584121    18.446573  0.020141421  0.004489719   0.60084436    20.102718    8123.8959 
  194000    0.9015222    13.128611    14.030134   -5.3376232   -4.8451155      18.4488  0.017434143    0.1731809   0.60108994    20.101829    8122.8182 
  195000   0.89939249    13.131045    14.030437   -5.3442052   -4.8482156    18.456992  0.018258478  0.061433465   0.59966995    20.104176     8125.663 
  196000   0.89329562    13.115759    14.009055   -5.3435842   -4.8515054    18.443474  0.015869663 -0.058597007   0.59560486    20.102285    8123.3703 
  197000   0.89021086    13.129419     14.01963   -5.3464653    -4.853976    18.459244  0.016639782  0.080316977    0.5935481    20.105279    8127.0014 
  198000   0.89579688    13.133486    14.029283   -5.3388695   -4.8456233    18.453644  0.018710713 -0.011175943   0.59727258    20.107702    8129.9394 
  199000   0.90469625    13.143647    14.048344   -5.3246628   -4.8323746    18.449325   0.01898496  0.069601645   0.60320623    20.118629     8143.201 
  200000   0.90523583    13.145441    14.050677    -5.333345   -4.8444817    18.459908  0.018878163  0.042747873     0.603566      20.1117    8134.7904 
  201000   0.90929016    13.126486    14.035776   -5.3371465    -4.847183    18.442722  0.020910239  0.029623896   0.60626922    20.115496    8139.3971 
  202000    0.8870711    13.128382    14.015453   -5.3402419   -4.8498541    18.447289  0.021334975   0.09515576   0.59145466    20.110799    8133.6973 
  203000   0.89485453    13.124443    14.019298   -5.3439184   -4.8524057    18.448193  0.020168409  0.036124047   0.59664427    20.111917    8135.0533 
  204000   0.89736668    13.139429    14.036796   -5.3290544   -4.8384588    18.449334  0.019149712  0.060329861   0.59831924    20.123597    8149.2345 
  205000   0.90551762    13.122542     14.02806   -5.3449627   -4.8559197    18.448288  0.019216904 -0.080775917   0.60375388     20.12017    8145.0725 
  206000   0.89489703    13.118034    14.012931   -5.3481264   -4.8531347    18.447062  0.019098551   0.17120888   0.59667261    20.095382    8115.0046 
  207000   0.90234282    13.123794    14.026137   -5.3497044   -4.8625355    18.454323  0.019175557  0.044287261   0.60163709    20.093925    8113.2406 
  208000   0.90952255    13.135188    14.044711   -5.3334761   -4.8398535    18.449707  0.018957187   0.15701255   0.60642417    20.104648    8126.2362 
  209000   0.90108269    13.114373    14.015456   -5.3463383   -4.8573405    18.443194  0.017517679  0.031357673   0.60079689    20.101456    8122.3654 
  210000   0.89489613    13.126077    14.020973   -5.3475745    -4.853428    18.451685  0.021966638 -0.008988255   0.59667201    20.108217    8130.5648 
  211000   0.89915794    13.125901    14.025059   -5.3439954   -4.8532687    18.453068  0.016828135 -0.0024842174   0.59951357    20.110517     8133.355 
  212000   0.90561191    13.122093    14.027705   -5.3467406   -4.8533841     18.45011  0.018723885 0.0032971605   0.60381675    20.105646     8127.446 
  213000   0.90576839    13.128544    14.034313   -5.3399744   -4.8457639    18.448492  0.020026643 -0.010932589   0.60392108    20.114012    8137.5961 
  214000   0.91833967    13.116261      14.0346   -5.3523053   -4.8589433    18.450034  0.018532184 -0.043974943   0.61230299    20.105311    8127.0403 
  215000   0.90119144     13.11209    14.013282   -5.3607955   -4.8678134     18.45376  0.019126396   0.17985656    0.6008694    20.096819    8116.7463 
  216000   0.90691941    13.128979    14.035898   -5.3410928   -4.8495419    18.452568  0.017503606  0.081693944   0.60468853    20.106977    8129.0604 
  217000   0.89116664    13.154554    14.045721   -5.3189614   -4.8270564    18.452682  0.020833548   0.04635129   0.59418537    20.123389     8148.982 
  218000     0.908711     13.12493    14.033641   -5.3417899   -4.8471521    18.448162   0.01855828  0.072755828   0.60588307     20.10826    8130.6162 
  219000   0.89457285    13.121552    14.016125   -5.3518482   -4.8570647    18.455541  0.017859063   0.11318709   0.59645645    20.095782      8115.49 
  220000   0.89110772    13.112763    14.003871   -5.3550626   -4.8605424    18.450268  0.017558262  0.024488843   0.59414608    20.098485    8118.7646 
  221000   0.89251485    13.145483    14.037997   -5.3309367   -4.8357162      18.4583  0.018119053   0.25578184   0.59508428    20.108045    8130.3552 
  222000   0.90363724    13.139248    14.042885   -5.3317435   -4.8405396    18.453705  0.017285937   0.12868712   0.60250014     20.11347     8136.938 
  223000   0.90080383    13.117912    14.018716   -5.3487514   -4.8497351    18.448575   0.01808807  0.010726913   0.60061097    20.103036    8124.2808 
  224000   0.90941934    13.116627    14.026046   -5.3570785   -4.8624964    18.456912  0.016793681  0.025099311   0.60635536     20.10047    8121.1709 
  225000   0.90496926    13.136408    14.041377   -5.3440092   -4.8519865    18.461533  0.018884076 -0.088082476   0.60338826    20.112196    8135.3917 
  226000   0.89493131    13.118093    14.013024   -5.3433776   -4.8454272    18.444259  0.017211584  -0.08036412   0.59669546    20.117372     8141.675 
  227000   0.89632345    13.122628    14.018951   -5.3483932   -4.8558687    18.453608  0.017413632  -0.15999083   0.59762367    20.120211    8145.1225 
  228000   0.90793743    13.136992    14.044929   -5.3349519   -4.8389702    18.454909  0.017034068  -0.18693573   0.60536729    20.141169    8170.6008 
  229000   0.90807866    13.112996    14.021074   -5.3542987   -4.8580534    18.447419  0.019875407  -0.14929868   0.60546146    20.122475    8147.8717 
  230000   0.90010624    13.109403     14.00951   -5.3505962    -4.856822    18.442497  0.017502899  -0.23047869   0.60014585    20.114721     8138.456 
  231000   0.90240516    13.114232    14.016637    -5.351231   -4.8572026    18.446958  0.018504625  -0.12180973   0.60167865    20.113558    8137.0446 
  232000   0.90163484     13.13713    14.038765   -5.3349515   -4.8439561    18.452921  0.019160784 -0.060006886   0.60116504    20.116768    8140.9418 
  233000   0.88482508    13.124761    14.009586   -5.3480497   -4.8534874     18.45454  0.018271256  0.088022829   0.58995713     20.10425    8125.7532 
  234000   0.89845039    13.113295    14.011746   -5.3660682   -4.8722651    18.458668  0.020695884  -0.04904073   0.59904181    20.091555    8110.3697 
  235000    0.9043664    13.110029    14.014395   -5.3553045   -4.8571004    18.446348   0.01898558  0.010542667   0.60298631    20.099704    8120.2422 
  236000   0.90794201    13.131693    14.039635   -5.3360903   -4.8393523    18.450883  0.016900094   0.13959546   0.60537035    20.119996    8144.8611 
  237000   0.90133684    13.150481    14.051818   -5.3186216   -4.8257761     18.45076  0.018342951 -0.0025461437   0.60096635    20.117169    8141.4278 
  238000   0.91165624    13.111454    14.023111    -5.354323    -4.859618    18.447541  0.018236518   0.15204784   0.60784681    20.103811    8125.2209 
  239000   0.89904702    13.126748    14.025795   -5.3415184   -4.8447153    18.450095  0.018171631   0.13709522   0.59943961    20.098009    8118.1881 
  240000   0.90915397    13.145015    14.054169   -5.3283194   -4.8390211    18.453495  0.019840079 -0.025762177   0.60617842    20.123244    8148.8054 
  241000   0.89852729    13.134334    14.032861   -5.3283817   -4.8364597    18.444045  0.018670953  0.035535348   0.59909308    20.120348     8145.288 
  242000   0.88764839    13.133567    14.021215   -5.3300588   -4.8345487    18.445708  0.017917839  -0.06345089   0.59183957     20.11374    8137.2656 
  243000   0.89752986     13.13286     14.03039   -5.3459539   -4.8543566    18.459808  0.019005741     0.115234   0.59842804    20.113968    8137.5419 
  244000   0.89679187      13.1282    14.024992   -5.3419282   -4.8443659    18.452954   0.01717432 -0.011867587   0.59793599    20.119095    8143.7662 
  245000   0.89081012    13.121885    14.012695   -5.3447464   -4.8517205    18.448343   0.01828835   0.12106143   0.59394765    20.108101     8130.424 
  246000   0.89575412    13.113839    14.009593   -5.3482038   -4.8527423     18.44431  0.017732138  0.028675624   0.59724407    20.106158    8128.0673 
  247000   0.90204845    13.137273    14.039322   -5.3339579   -4.8425248    18.453122  0.018109225  0.056429297   0.60144082    20.121681    8146.9074 
  248000   0.89574408    13.123882    14.019626   -5.3408418   -4.8485548    18.446082  0.018641674 -0.058489106   0.59723738    20.118645    8143.2205 
  249000   0.88834417     13.13037    14.018714   -5.3336755   -4.8424444    18.446375  0.017670565 -0.043451264   0.59230349    20.124718    8150.5967 
  250000   0.90149399    13.128166     14.02966   -5.3479717   -4.8528595    18.456512  0.019625474 -0.071339422   0.60107113    20.119374    8144.1055 
  251000   0.90142884    13.128878    14.030307   -5.3467954   -4.8522278    18.457354  0.018319487  -0.03348706   0.60102769    20.113611    8137.1086 
  252000   0.89503729    13.112059    14.007097   -5.3556343    -4.858593    18.449068  0.018625797  -0.10182849   0.59676612    20.104991     8126.652 
  253000   0.91578054    13.115362    14.031143   -5.3542306   -4.8545111    18.451967   0.01762553 -0.050922214   0.61059668    20.101962    8122.9789 
  254000   0.90368484    13.125478    14.029162   -5.3453313    -4.853355    18.451293  0.019516265   0.16549199   0.60253188    20.112162    8135.3512 
  255000   0.88601611    13.118155    14.004171   -5.3495861    -4.850405    18.449529  0.018212201    -0.127267   0.59075125    20.110254    8133.0351 
  256000   0.88492611    13.122201    14.007127   -5.3474071   -4.8511158    18.453818  0.015790139  0.028591192   0.59002449     20.11514    8138.9649 
  257000   0.89000586    13.143702    14.033708   -5.3316412   -4.8381998    18.454487   0.02085623   0.20042966   0.59341142     20.12106    8146.1526 
  258000   0.90974082     13.12759    14.037331   -5.3498562   -4.8531097    18.459113  0.018333132 -0.0023137699    0.6065697    20.111274    8134.2729 
  259000   0.89512141    13.120116    14.015237   -5.3510504   -4.8577665    18.452067  0.019098578  -0.14221055   0.59682221    20.115888    8139.8732 
  260000   0.89730787    13.137244    14.034552   -5.3373836   -4.8434528     18.45695  0.017678158 -0.012848973   0.59828003    20.119501    8144.2593 
  261000   0.91057333    13.147722    14.058296   -5.3261373   -4.8348659    18.454387  0.019473125 -0.028438696   0.60712478     20.13537    8163.5454 
  262000    0.9107143    13.123481    14.034196   -5.3392759    -4.841418    18.444702  0.018054848  -0.10390378   0.60721877    20.117144    8141.3983 
  263000   0.90190489     13.11701    14.018915   -5.3525327   -4.8576405    18.449945  0.019597821  -0.14965234    0.6013451    20.105803    8127.6366 
  264000   0.89010043    13.106491    13.996592   -5.3652559   -4.8675972    18.453331  0.018415893  0.051411354   0.59347447     20.09127    8110.0248 
  265000   0.90448315    13.106609    14.011092   -5.3611731    -4.865581    18.449008   0.01877402  0.069643037   0.60306415    20.096724    8116.6312 
  266000   0.90009878    13.122276    14.022375   -5.3439166   -4.8491317    18.448123  0.018069457  0.042051959   0.60014087    20.104708    8126.3088 
  267000   0.89172927    13.115676    14.007405    -5.352497   -4.8532505    18.450766  0.017406069  0.056281415    0.5945605    20.100465    8121.1651 
  268000   0.90186485    13.098977    14.000842   -5.3621307   -4.8630876    18.442638  0.018469928 -0.011395677    0.6013184    20.098395    8118.6561 
  269000   0.91095069    13.119123    14.030074   -5.3439307   -4.8468437    18.446401  0.016652651 -0.045844911   0.60737638    20.107052    8129.1517 
  270000   0.90086367    13.122731    14.023595   -5.3518275   -4.8554384    18.457401   0.01715743  0.067102453   0.60065086    20.112699    8136.0023 
  271000   0.90191117    13.115725    14.017636   -5.3564009   -4.8617805    18.453316  0.018809693   0.14312232   0.60134928    20.099112    8119.5251 
  272000   0.90235759    13.104673    14.007031   -5.3628255   -4.8667195    18.450962   0.01653658  0.061127371   0.60164693    20.091493    8110.2948 
  273000   0.90594616    13.118343    14.024289   -5.3524956   -4.8598765    18.454554  0.016284547   0.12208762   0.60403961    20.094868    8114.3829 
  274000   0.91493053    13.124634    14.039565   -5.3459401   -4.8472872    18.451959  0.018615149   0.10805955   0.61002994    20.104452    8125.9983 
  275000   0.90392602    13.105944     14.00987   -5.3632484   -4.8661378    18.452674  0.016518248 -0.061982351   0.60269268    20.092999    8112.1184 
  276000   0.90533601    13.108043    14.013379   -5.3527461   -4.8558323    18.442768  0.018021082  0.059205336   0.60363279    20.096257    8116.0654 
  277000   0.91108692    13.127667    14.038754   -5.3424999   -4.8507013    18.453486  0.016680867  -0.11213501   0.60746721    20.099907    8120.4883 
  278000   0.91305059    13.111799     14.02485   -5.3631327   -4.8683767    18.456532  0.018399749  0.014773736   0.60877649    20.090962    8109.6521 
  279000   0.90386217    13.116064    14.019926   -5.3482371   -4.8532275    18.446116  0.018185042   0.24474684   0.60265011    20.085039    8102.4812 
  280000   0.89746961    13.132995    14.030465   -5.3418847   -4.8488655    18.457463  0.017416237   0.19956809   0.59838787    20.089911    8108.3786 
  281000   0.90775089    13.129588    14.037339   -5.3378534    -4.845981    18.449258  0.018183023 -0.049085358   0.60524292    20.107826    8130.0902 
  282000   0.89604898     13.10952    14.005569   -5.3593274   -4.8662227    18.451252  0.017594869  0.081310775   0.59744066    20.088024    8106.0947 
  283000   0.89903619    13.108818    14.007854   -5.3626975   -4.8673456    18.452829  0.018686404 -0.040973285   0.59943239    20.099847     8120.415 
  284000    0.8955688    13.131577    14.027146   -5.3426684   -4.8491276    18.456557  0.017688448  0.029195124    0.5971205    20.115081    8138.8928 
  285000   0.89819457    13.127993    14.026187   -5.3424341    -4.849879    18.450668  0.019758357  0.048253238   0.59887124    20.102303    8123.3931 
  286000   0.89728616      13.0992    13.996486   -5.3675005   -4.8727093     18.44911  0.017590312  0.025801708   0.59826555    20.084911    8102.3266 
  287000   0.89920612      13.1081    14.007306   -5.3582857   -4.8636342    18.448028  0.018357425  0.047984165   0.59954569    20.094477    8113.9085 
  288000   0.90848732    13.120804    14.029292   -5.3524309     -4.86403    18.455733  0.017502415   0.12174872   0.60573393    20.095866    8115.5919 
  289000   0.92021982    13.113142    14.033362   -5.3579183   -4.8664038    18.453754  0.017306474  0.092941875   0.61355658    20.099816    8120.3774 
  290000   0.91141025    13.098996    14.010407   -5.3611881   -4.8679679    18.441761  0.018423038 -0.099619706   0.60768279    20.101789    8122.7691 
  291000   0.89872742    13.128584    14.027312   -5.3505729   -4.8581887    18.460877  0.018280559    0.1203239   0.59922651    20.102997     8124.234 
  292000   0.90675945    13.124235    14.030994   -5.3506023   -4.8567614     18.45605  0.018786816   0.16269484   0.60458187    20.100668    8121.4101 
  293000   0.90624968    13.108285    14.014535   -5.3616617   -4.8675204    18.451495  0.018451493 -0.095073381   0.60424198    20.092575    8111.6053 
  294000    0.9026017    13.101662    14.004264   -5.3682179   -4.8712728    18.452389  0.017490558 -0.034691051   0.60180969    20.089744    8108.1773 
  295000   0.89944681    13.094313    13.993759   -5.3632678    -4.868113    18.438716  0.018864359  0.070587739   0.59970617    20.095526    8115.1796 
  296000   0.89778539    13.124319    14.022104   -5.3514373   -4.8532808    18.457648   0.01810833 -0.059952982   0.59859842    20.110132    8132.8873 
  297000   0.90160529    13.109947    14.011552    -5.359646   -4.8650564     18.45026   0.01933245  0.068046534   0.60114534    20.097909    8118.0664 
  298000   0.90081314    13.099284    14.000098   -5.3722971   -4.8721738    18.452688  0.018894138   0.11879854   0.60061717    20.089084    8107.3773 
  299000    0.9015815    13.116733    14.018315   -5.3524963   -4.8567155    18.451444  0.017785607   0.13535209   0.60112947    20.095908    8115.6428 
  300000   0.90241823    13.111331    14.013749   -5.3588222    -4.862185    18.454016  0.016137592  0.028625051   0.60168736    20.098329    8118.5757 
  301000   0.89074969    13.118948    14.009697   -5.3545611   -4.8640034    18.455086  0.018422965  0.042321261   0.59390737    20.100485    8121.1888 
  302000   0.88329363    13.093245    13.976539   -5.3725614   -4.8784514    18.448471  0.017335298 -0.022329998   0.58893603    20.091017     8109.718 
  303000   0.88509165    13.111295    13.996387   -5.3607693   -4.8635368     18.45449    0.0175746  0.021807388   0.59013487    20.099548    8120.0531 
  304000   0.90848922    13.104761     14.01325   -5.3639768   -4.8660392    18.452064  0.016674224  -0.06037383   0.60573519    20.108096    8130.4175 
  305000   0.92030046    13.111915    14.032215    -5.353003    -4.853623    18.448042  0.016876205  -0.18211371   0.61361034    20.113464    8136.9307 
  306000   0.90924108    13.139096    14.048337   -5.3289964   -4.8358148    18.452115  0.015977398 -0.090935052    0.6062365    20.129497    8156.4048 
  307000   0.91005325    13.120857     14.03091    -5.348184   -4.8542511    18.453208   0.01583319 -0.031698581   0.60677801    20.120657     8145.664 
  308000   0.89345459    13.121956     14.01541   -5.3428363   -4.8458406    18.446244  0.018547621 -0.078292885   0.59571086    20.118202    8142.6828 
  309000   0.90065863     13.13054    14.031198   -5.3367858   -4.8454121    18.450811  0.016514468  -0.14029882   0.60051415    20.115945    8139.9418 
  310000   0.89859456    13.146678    14.045272   -5.3171235   -4.8321073    18.444568  0.019233556  -0.09714733   0.59913793    20.139172    8168.1707 
  311000   0.90006177    13.129069     14.02913   -5.3386107   -4.8417654    18.450319   0.01735998  -0.30245947   0.60011619    20.131141    8158.4035 
  312000   0.89773658    13.121756    14.019493   -5.3462193   -4.8542549    18.447154   0.02082145  -0.10566848   0.59856587    20.117849    8142.2542 
  313000   0.91700826    13.126054    14.043062   -5.3423399   -4.8453211    18.451409  0.016984683 -0.091861958   0.61141527    20.123304    8148.8792 
  314000   0.90021617    13.129973    14.030189   -5.3371094   -4.8390277    18.448491  0.018591548 -0.055838131   0.60021914    20.124904    8150.8226 
  315000   0.90321859    13.108543    14.011762   -5.3545102   -4.8628501    18.444716  0.018336954  -0.17270596     0.602221    20.118555    8143.1111 
  316000   0.88678845    13.113015    13.999804    -5.352106   -4.8547249    18.446487  0.018634571 -0.065515647   0.59126621    20.109076    8131.6064 
  317000   0.89463012    13.119662    14.014292   -5.3561901   -4.8645977     18.45742  0.018431466   0.10815877   0.59649464    20.099626    8120.1482 
  318000   0.90447141    13.132221    14.036693   -5.3399619   -4.8483794    18.454319  0.017864354 -0.043401271   0.60305632    20.113001    8136.3693 
  319000   0.90781414    13.142057    14.049871   -5.3301586   -4.8365946    18.454326  0.017889914   0.26417121   0.60528509    20.106081    8127.9736 
  320000   0.90255476    13.147504    14.050059   -5.3239559   -4.8290641    18.453862  0.017598462  0.044307907   0.60177839    20.125722    8151.8168 
  321000   0.89683912    13.127361      14.0242   -5.3374873   -4.8463083    18.447438   0.01741001  0.034464673   0.59796749    20.112044     8135.207 
  322000   0.90904265    13.117501    14.026544   -5.3506183   -4.8584495    18.451401  0.016718479    0.1699348    0.6061042    20.103886    8125.3122 
  323000   0.90612454    13.136402    14.042527   -5.3389196   -4.8438293    18.457441  0.017881443 -0.041400273   0.60415855    20.124886    8150.8006 
  324000    0.8954723    13.116701    14.012173   -5.3536315   -4.8569888    18.452645  0.017687434 -0.068224539   0.59705617    20.104459    8126.0068 
  325000   0.90793996    13.107788    14.015728   -5.3610706   -4.8670731      18.4516  0.017257989 -0.087777302   0.60536898    20.100859    8121.6417 
  326000   0.90405208    13.136612    14.040665   -5.3304086   -4.8349291    18.449034  0.017987322 -0.081058289   0.60277674    20.123428    8149.0295 
  327000   0.89622787    13.130744    14.026972   -5.3361959    -4.840808    18.447584   0.01935617  0.041792511   0.59755994    20.123593      8149.23 
  328000   0.89191646    13.131114     14.02303   -5.3465175   -4.8526161    18.458843  0.018788329 -0.057382766   0.59468531    20.110177    8132.9425 
  329000   0.89815344    13.135933    14.034086   -5.3378673   -4.8443885    18.456267  0.017533359   0.13537574   0.59884382    20.110717    8133.5968 
  330000   0.91188806    13.129388    14.041277   -5.3380165   -4.8424679    18.450381  0.017024087  0.019467961   0.60800138    20.114767    8138.5119 
  331000   0.90329165       13.111    14.014292   -5.3554198   -4.8601509    18.449335  0.017085567   0.18028139   0.60226972    20.102793    8123.9863 
  332000    0.9095783    13.115602     14.02518   -5.3545893   -4.8597522    18.451987  0.018203858   0.08852251   0.60646134    20.089434    8107.8018 
  333000   0.90762476    13.146847    14.054471   -5.3271443   -4.8287356    18.456262  0.017729135   0.14838586   0.60515882    20.113629    8137.1315 
  334000   0.90269733    13.138387    14.041085   -5.3311744   -4.8400764    18.449885   0.01967671  0.080526135   0.60187346    20.112166    8135.3561 
  335000   0.90162714    13.124281    14.025909   -5.3472713   -4.8528634    18.452607  0.018945421   0.20320845   0.60115991    20.092715    8111.7741 
  336000   0.90294071    13.137569     14.04051   -5.3341578   -4.8405239    18.453658  0.018069329    0.1010367   0.60203573    20.111119    8134.0848 
  337000   0.90859874    13.133405    14.042004    -5.333015   -4.8424927    18.448795  0.017625213  0.076460011   0.60580822    20.114165     8137.781 
  338000   0.89484691    13.124314    14.019161   -5.3452598   -4.8469393    18.451488  0.018085769   0.23783252   0.59663919    20.104443    8125.9873 
  339000   0.89491882    13.101218    13.996137   -5.3599898   -4.8670631    18.442696  0.018511832 -0.017539186   0.59668713    20.097753    8117.8781 
  340000   0.88803688    13.113592    14.001629   -5.3587036   -4.8659018    18.454149  0.018146412 -0.0067191359    0.5920986    20.101978    8122.9992 
  341000   0.90000147    13.124348    14.024349   -5.3441509   -4.8483932    18.450927   0.01757148  0.049932176   0.60007599    20.104725    8126.3298 
  342000   0.90419716    13.113432    14.017629   -5.3501715   -4.8556325    18.446984  0.016618964  -0.10115646   0.60287346    20.113214     8136.627 
  343000    0.9051105    13.116727    14.021837    -5.355906    -4.863052    18.455256  0.017376875  0.012104579   0.60348243    20.109258    8131.8276 
  344000   0.90020556    13.140538    14.040744   -5.3263669   -4.8296153    18.450009   0.01689667 -0.086808928   0.60021207    20.118354    8142.8671 
  345000   0.91039966    13.133069    14.043469   -5.3345814   -4.8373253    18.449319  0.018330937  0.084328699   0.60700898    20.111841    8134.9617 
  346000   0.90220361    13.115085    14.017289   -5.3585333   -4.8589397    18.455969  0.017649852  -0.01775507   0.60154427    20.093029    8112.1551 
  347000   0.89376926    13.114778    14.008547   -5.3529602   -4.8586147    18.450668  0.017069985   0.16722005   0.59592067    20.091057    8109.7665 
  348000   0.90293397    13.133836     14.03677   -5.3412869   -4.8437834    18.454861  0.020262604  0.032715933   0.60203123    20.111509    8134.5586 
  349000   0.90731579    13.117381    14.024696   -5.3510621   -4.8546388    18.451163  0.017279276  -0.28930042   0.60495281    20.114539    8138.2359 
  350000   0.89635458    13.118186     14.01454   -5.3472882   -4.8482892    18.448778   0.01669558 -0.094946915   0.59764442    20.112993    8136.3592 
  351000   0.91379359    13.132209    14.046002   -5.3271362   -4.8320081    18.443036   0.01630928  -0.10057552   0.60927189    20.127707    8154.2295 
  352000   0.90862469    13.134483    14.043108   -5.3359541   -4.8412792    18.453969  0.016468384 -0.019838189   0.60582552    20.117186    8141.4484 
  353000   0.87938953    13.138856    14.018245   -5.3339868   -4.8383604    18.453885  0.018957241  0.059400245   0.58633298    20.115456    8139.3484 
  354000   0.89460869    13.131198    14.025807   -5.3416604   -4.8467752    18.455285  0.017573242  0.027578367   0.59648036    20.113525    8137.0044 
  355000   0.91409218     13.13591    14.050002   -5.3330025   -4.8359414    18.450286  0.018626417 -0.031921317   0.60947097    20.117233    8141.5055 
  356000   0.89599536     13.12068    14.016675   -5.3510758   -4.8572717    18.452329   0.01942682  0.092681263   0.59740492    20.092459    8111.4648 
  357000   0.91329622    13.106224    14.019521   -5.3714612   -4.8745343    18.458965  0.018721153    0.1635642   0.60894027    20.087781    8105.8006 
  358000   0.90666662    13.116777    14.023444   -5.3569979   -4.8634835    18.456567  0.017207555   0.21115471   0.60451998    20.086701    8104.4928 
  359000    0.9212624    13.122165    14.043427    -5.351416    -4.854165    18.456967  0.016613233   0.19844594   0.61425172     20.08697    8104.8185 
  360000    0.9076587    13.112909    14.020568   -5.3615569   -4.8634478    18.456742  0.017724737  0.090241553   0.60518145    20.095156    8114.7316 
  361000    0.8950042    13.122921    14.017925   -5.3479467   -4.8556155    18.450088  0.020779497 -0.058187919   0.59674406     20.10909    8131.6235 
  362000   0.90295741    13.143764    14.046721   -5.3303568   -4.8385109    18.455472  0.018648976  0.068313048   0.60204686    20.114259    8137.8953 
  363000   0.90818763     13.13297    14.041157   -5.3374048   -4.8434832    18.451959  0.018415228  0.074113721   0.60553411    20.115589    8139.5099 
  364000   0.89973405    13.123863    14.023597   -5.3413085   -4.8450549    18.447145  0.018025959   0.04881059   0.59989769    20.115537    8139.4474 
  365000   0.90047773    13.130145    14.030623   -5.3367003   -4.8442295    18.446359  0.020487122  0.038895214   0.60039354    20.130051    8157.0782 
  366000   0.91303177    13.131708    14.044739   -5.3342212   -4.8385603    18.446556  0.019372894  -0.11054923   0.60876394    20.120878    8145.9315 
  367000   0.89670395    13.130422    14.027126   -5.3408433   -4.8405147    18.453779  0.017486652   0.14138405   0.59787737    20.109035    8131.5562 
  368000   0.89541113    13.120331    14.015742   -5.3456473   -4.8489631    18.447733  0.018245478   0.15206133   0.59701538    20.099082    8119.4889 
  369000   0.88571973    13.118581    14.004301   -5.3464023   -4.8497646    18.447888  0.017094885  0.027174283   0.59055364    20.101347    8122.2335 
  370000   0.90806909    13.121185    14.029254   -5.3465723    -4.854319    18.448911  0.018845694 -0.078344862   0.60545507     20.11307     8136.452 
  371000   0.89944778    13.128985    14.028433   -5.3427205   -4.8501125    18.452032  0.019673548  -0.17891648   0.59970682    20.118384    8142.9032 
  372000    0.9043156    13.143157    14.047473   -5.3335614   -4.8409084     18.45918  0.017539185  0.052671461   0.60295244    20.127673    8154.1872 
  373000   0.89556005    13.132798    14.028358   -5.3441695   -4.8506705    18.458612  0.018355257  0.016212518   0.59711467    20.116903    8141.1054 
  374000   0.89257491    13.125021    14.017596   -5.3469936   -4.8542012     18.45325  0.018765233 -0.019439118   0.59512433    20.108878    8131.3657 
  375000   0.89062571    13.132968    14.023593   -5.3404123   -4.8475584    18.454846  0.018534117 -0.041341644    0.5938247    20.115128    8138.9506 
  376000   0.90612407    13.149707    14.055831   -5.3197957   -4.8268152     18.45295  0.016552392  -0.13914881   0.60415823    20.135487    8163.6882 
  377000   0.91206516    13.119774    14.031839   -5.3506566   -4.8571414    18.451656  0.018774162 -0.021498202   0.60811946    20.117357    8141.6567 
  378000   0.90963475    13.115868    14.025502   -5.3516386   -4.8544827    18.451465  0.016040836   0.16751842   0.60649898    20.106156    8128.0641 
  379000   0.88155866    13.116955    13.998514   -5.3456838   -4.8505859    18.444911  0.017727841  0.026760728   0.58777925    20.104526    8126.0879 
  380000   0.89766854    13.116434    14.014103   -5.3578244    -4.862271    18.456641  0.017616863    0.0153713   0.59852051    20.097045      8117.02 
  381000   0.90588703    13.120325    14.026212   -5.3481132    -4.850068    18.451179  0.017259208  0.004202842   0.60400018    20.104973    8126.6297 
  382000   0.92340098    13.126225    14.049626   -5.3445457   -4.8487568    18.453527  0.017243792  -0.15791852   0.61567762    20.124131    8149.8835 
  383000   0.89947002    13.140161    14.039631   -5.3364831    -4.843089     18.45862  0.018023288 -0.090410535   0.59972165    20.121172    8146.2889 
  384000   0.88751749    13.128714    14.016232   -5.3401073   -4.8465593    18.451448   0.01737329  -0.14998595    0.5917523    20.118584    8143.1464 
  385000   0.88667312    13.123975    14.010648     -5.34445    -4.844401     18.45015  0.018274841 -0.033803929   0.59118931    20.116045    8140.0638 
  386000   0.91182452    13.121797    14.033622   -5.3503477   -4.8560977    18.452294  0.019850705 -0.052623087   0.60795901    20.116119    8140.1539 
  387000    0.9019737    13.126032    14.028005   -5.3387992   -4.8429603    18.449076  0.015754845   0.15011414   0.60139098    20.112074    8135.2442 
  388000   0.88980526     13.12131    14.011115    -5.342982   -4.8455468    18.446601  0.017691303  -0.06240864   0.59327767    20.112379    8135.6135 
  389000   0.90673842    13.130115    14.036853   -5.3353833   -4.8417072    18.447138  0.018360266  0.016181153   0.60456785     20.11965    8144.4411 
  390000   0.90315436    13.140859    14.044014   -5.3340323    -4.843196    18.457348   0.01754346  0.080647421   0.60217818    20.110194     8132.963 
  391000   0.89750704    13.120534    14.018041   -5.3474661   -4.8548584    18.450997  0.017002873  0.058163411   0.59841283    20.098462    8118.7375 
  392000   0.90679875     13.12233    14.029128   -5.3481556   -4.8560186    18.450705  0.019780807  -0.15390822   0.60460808    20.106987    8129.0722 
  393000   0.92236266    13.126488    14.048851   -5.3398144   -4.8472149    18.448927  0.017375599 0.0007003939   0.61498531    20.110541    8133.3842 
  394000   0.89194069    13.120789     14.01273   -5.3524891   -4.8584239    18.454337  0.018941346   0.09866469   0.59470146    20.095717    8115.4112 
  395000   0.89138161    13.125927    14.017309   -5.3483782   -4.8547464    18.456667  0.017638421   0.22358068    0.5943287    20.097052    8117.0283 
  396000   0.90305123    13.139982    14.043034   -5.3352004   -4.8419711    18.457916  0.017266877   0.18272557   0.60210941    20.112244    8135.4503 
  397000   0.89418539    13.119811    14.013997   -5.3494591   -4.8566029    18.451987  0.017283587  0.043206747   0.59619812    20.103489     8124.831 
  398000   0.90288186    13.107505    14.010387   -5.3551332   -4.8605901    18.444478  0.018160283  0.013428176   0.60199649    20.107321    8129.4775 
  399000   0.91053601    13.128894     14.03943   -5.3347682    -4.839492    18.444527  0.019135253  -0.12518531   0.60709989    20.126543     8152.814 
  400000   0.89918855    13.131115    14.030303   -5.3383262   -4.8429365    18.450096   0.01934465 -0.057766092   0.59953397    20.122658    8148.0939 
  401000   0.90120679    13.117918    14.019124   -5.3540286   -4.8599671    18.453689  0.018257293 -0.083792924   0.60087964    20.109259    8131.8283 
  402000   0.90649825    13.123398    14.029896   -5.3400204   -4.8453344    18.443958  0.019460322 -0.074280677   0.60440772    20.115204    8139.0421 
  403000   0.90020057    13.129946    14.030147    -5.338225   -4.8476692    18.447883  0.020287944  0.041813076   0.60020874     20.11803    8142.4739 
  404000   0.88383219    13.123102    14.006934   -5.3479178   -4.8571386    18.451937  0.019083086 0.0064663078   0.58929512    20.112686     8135.986 
  405000   0.90916522    13.130291    14.039456   -5.3379168   -4.8460204    18.449169   0.01903816  -0.22920962   0.60618592    20.131168    8158.4367 
  406000   0.89322198    13.130456    14.023678   -5.3359272   -4.8419715    18.449248  0.017135058  -0.11136585   0.59555576    20.123373    8148.9631 
  407000   0.89700496    13.118046    14.015051     -5.34745   -4.8561487    18.447446  0.018049718  -0.11272367   0.59807807    20.117002    8141.2258 
  408000   0.91115969    13.129404    14.040564   -5.3402779   -4.8484104     18.45254  0.017141902  -0.15118989   0.60751573    20.125464    8151.5032 
  409000   0.89724176    13.109131    14.006372   -5.3630136   -4.8672618    18.455507  0.016636679 -0.085449553   0.59823595    20.099442     8119.925 
  410000   0.89323672    13.114713     14.00795   -5.3512657    -4.853876    18.448213  0.017764957 -0.014101317   0.59556559    20.116718    8140.8805 
  411000   0.89257187    13.142688     14.03526   -5.3290283   -4.8361396    18.451242  0.020474279  -0.10291528    0.5951223    20.135026    8163.1276 
  412000   0.89477974    13.152408    14.047188   -5.3131215   -4.8219301    18.446488  0.019042052 -0.032582817    0.5965944    20.146493    8177.0818 
  413000   0.89282965    13.145659    14.038489   -5.3258771   -4.8262867    18.452878  0.018658393 -0.090730528   0.59529418    20.132788     8160.406 
  414000   0.89112763    13.126054    14.017181   -5.3433505   -4.8464598    18.450779  0.018625113  0.058584268   0.59415936    20.118817    8143.4296 
  415000   0.91316708     13.12056    14.033727   -5.3497993   -4.8554809    18.453208  0.017150769  -0.18041515   0.60885416    20.116128    8140.1644 
  416000   0.90394895    13.124954    14.028903   -5.3435938   -4.8524372    18.449954   0.01859388  -0.13793747   0.60270797     20.12108    8146.1775 
  417000   0.89177498    13.120499    14.012274   -5.3456022   -4.8524799    18.447518  0.018582814  -0.11449943   0.59459098    20.115075    8138.8866 
  418000   0.90200104    13.113715    14.015716   -5.3514544   -4.8565201    18.448986  0.016183443   -0.2065954   0.60140921    20.118779    8143.3834 
  419000   0.90859752    13.126692    14.035289   -5.3426593    -4.848804    18.451492  0.017859393 -0.043833612   0.60580741     20.11488    8138.6495 
  420000   0.90822741    13.121918    14.030146   -5.3471911   -4.8532305    18.452566  0.016543167  -0.20461484   0.60556063    20.121721    8146.9555 
  421000   0.89875517    13.107741    14.006496   -5.3556194   -4.8612465    18.444414  0.018945937  -0.26883618   0.59924502    20.116661    8140.8109 
  422000   0.89237686    13.133028    14.025405   -5.3419829   -4.8509221    18.457249  0.017762302 -0.024728377   0.59499228    20.119249    8143.9531 
  423000    0.8937604    13.110313    14.004074   -5.3582208   -4.8685292    18.450961  0.017572808  -0.23187615   0.59591476    20.112245    8135.4518 
  424000   0.88763748    13.121702    14.009339   -5.3509668   -4.8563532    18.455492  0.017175989  0.018589989    0.5918323    20.103589    8124.9522 
  425000   0.89410824    13.128838    14.022946    -5.337917   -4.8486534    18.448437  0.018317903 -0.066242476   0.59614668    20.113591    8137.0848 
  426000   0.89720575    13.126344     14.02355   -5.3398885   -4.8402539    18.448189  0.018043684  -0.09089441   0.59821194      20.1157    8139.6446 
  427000   0.90602408    13.110246    14.016271   -5.3551011   -4.8612223    18.447788   0.01755907  0.025287007   0.60409156    20.098103    8118.3016 
  428000   0.88393836    13.104672     13.98861   -5.3586298   -4.8612582    18.446424  0.016877319   0.20224618   0.58936591     20.09335    8112.5438 
  429000   0.90824332    13.112227     14.02047   -5.3611763   -4.8665195    18.454483  0.018919903   0.12650029   0.60557124     20.09326    8112.4342 
  430000   0.90359183     13.11172    14.015312   -5.3523987   -4.8591166    18.446849  0.017269924 -0.023535144   0.60246986    20.101164    8122.0125 
  431000   0.90015752    13.101044    14.001202   -5.3608896   -4.8681676    18.443305  0.018628463 -0.016171722   0.60018004      20.0996    8120.1166 
  432000   0.90322231    13.122301    14.025524   -5.3522437   -4.8580888    18.457592  0.016952585    0.1721569   0.60222348    20.109045    8131.5693 
  433000   0.89788716    13.121173    14.019061   -5.3444108   -4.8547122    18.448442  0.017142377 -0.066675382   0.59866628    20.107115    8129.2272 
  434000   0.89636357    13.117046    14.013409   -5.3550953   -4.8596826    18.455009  0.017131425   0.11781724   0.59765042    20.097286    8117.3125 
  435000   0.89926806    13.114056    14.013324   -5.3583769    -4.858288     18.45315  0.019282203  -0.15023281   0.59958699    20.104069    8125.5343 
  436000   0.89903319    13.130779    14.029812   -5.3479754   -4.8503024    18.459563  0.019191686 -0.097791442   0.59943039    20.109434    8132.0407 
  437000   0.89426975    13.124031    14.018301   -5.3441654   -4.8493926    18.449167  0.019029761  0.047647583   0.59625436    20.111064    8134.0178 
  438000   0.88216847    13.121895    14.004064   -5.3454348   -4.8496731    18.450794  0.016536095  -0.11447543   0.58818584    20.120966    8146.0387 
  439000   0.90732157    13.120305    14.027627   -5.3487928   -4.8545927    18.449847  0.019251247 -0.053232391   0.60495666    20.120063    8144.9417 
  440000   0.88878398     13.13364    14.022424   -5.3374605   -4.8480786    18.452947  0.018153672 -0.034943435   0.59259673    20.113818    8137.3598 
  441000   0.89152459    13.106354    13.997878   -5.3567149   -4.8615691    18.445174  0.017895026 -0.028974336   0.59442403    20.103715    8125.1049 
  442000   0.90493597    13.124759    14.029695    -5.348092   -4.8570314    18.455717    0.0171341  -0.10161103   0.60336607      20.1179    8142.3161 
  443000    0.8995797    13.128796    14.028375   -5.3389925   -4.8393861    18.448015  0.019773411 -0.037045308   0.59979478    20.127423    8153.8834 
  444000   0.89525961    13.129813    14.025073    -5.338535   -4.8461547     18.45161  0.016738609 -0.060931728   0.59691436    20.118166    8142.6391 
  445000   0.88922339    13.157222    14.046445   -5.3183085   -4.8271536    18.456875  0.018655689   0.16890439    0.5928897    20.126022     8152.181 
  446000   0.90264324    13.135458    14.038101   -5.3338025   -4.8441287    18.453388  0.015872502  -0.09144172   0.60183739    20.129934    8156.9361 
  447000   0.88916691    13.138304    14.027471   -5.3324592   -4.8348833    18.452084  0.018679638  -0.11406551   0.59285205    20.126724    8153.0343 
  448000   0.90345044    13.120094    14.023545   -5.3433341   -4.8501041     18.44592  0.017508219  0.026681846   0.60237559    20.124247    8150.0242 
  449000   0.89837121    13.137453    14.035824   -5.3249314   -4.8359397    18.445202  0.017182374 -0.0079165588   0.59898901    20.125976    8152.1259 
  450000   0.90596413    13.143658    14.049622   -5.3241954   -4.8314904    18.448366  0.019487322 -0.052886653    0.6040516    20.128645    8155.3694 
  451000   0.89615393    13.124982    14.021136   -5.3400581   -4.8427497    18.447646  0.017394245 -0.023893873   0.59751064    20.115786    8139.7493 
  452000   0.90091901    13.124416    14.025335   -5.3408747   -4.8472959    18.447422  0.017868273 0.0015682586   0.60068776     20.11909    8143.7606 
  453000   0.90493652    13.134971    14.039907   -5.3379082   -4.8435914    18.453559  0.019319748  -0.09191345   0.60336644    20.122674    8148.1135 
  454000   0.90894526     13.13354    14.042485   -5.3388237   -4.8448481    18.454236  0.018127921  -0.10414792   0.60603926    20.129912    8156.9089 
  455000   0.88714213    13.130635    14.017777   -5.3384748   -4.8424598    18.450395  0.018714481  0.010796621   0.59150203    20.123944    8149.6561 
  456000   0.91083862    13.128724    14.039562   -5.3410502   -4.8453615    18.452302  0.017472079  -0.11888613   0.60730166    20.130992    8158.2223 
  457000   0.89581365    13.144388    14.040201   -5.3229532   -4.8326792    18.449918  0.017422509  0.035103654   0.59728376    20.132536    8160.1001 
  458000   0.89525773    13.125371    14.020628   -5.3410349   -4.8478421    18.449565   0.01684092 -0.089908009    0.5969131    20.127598    8154.0967 
  459000   0.88011445    13.124495     14.00461   -5.3461071   -4.8524111    18.451593  0.019009658 -0.036187188   0.58681632    20.117929    8142.3511 
  460000   0.88891822    13.110528    13.999446   -5.3530774    -4.859197    18.447197  0.016407893  -0.14054498   0.59268623    20.104418    8125.9572 
  461000   0.90782106    13.118377    14.026198   -5.3441927   -4.8509371     18.44675  0.015819058 -0.062377011    0.6052897     20.10934    8131.9265 
  462000   0.90481609    13.117409    14.022225   -5.3565947    -4.860314    18.456299  0.017704317  0.091025022   0.60328614    20.098963    8119.3444 
  463000   0.89370357     13.10539    13.999093   -5.3667618   -4.8743095    18.453618  0.018533161 -0.062048495   0.59587686    20.095337    8114.9501 
  464000   0.90479542     13.11792    14.022715   -5.3519997   -4.8618689    18.451434  0.018484961 -0.043024247   0.60327235    20.109436    8132.0428 
  465000    0.8950471    13.135652    14.030699   -5.3309925   -4.8406993     18.45093  0.015714487    0.2690643   0.59677266    20.109004     8131.519 
  466000   0.90166016    13.125064    14.026725   -5.3430403   -4.8504511    18.451399  0.016706126  0.077952452   0.60118192    20.109121    8131.6606 
  467000     0.904835    13.102938    14.007773   -5.3640604   -4.8669499    18.449104  0.017894235  -0.12103382   0.60329875    20.100909    8121.7027 
  468000    0.9096375    13.125361    14.034998   -5.3463862   -4.8579095    18.453545  0.018202086  0.001300732   0.60650081    20.108804    8131.2758 
  469000   0.90856559    13.122841    14.031407   -5.3462242   -4.8540813    18.449248  0.019817785  0.029362191   0.60578612    20.106704    8128.7294 
  470000   0.88881927    13.126917    14.015736   -5.3380728   -4.8441917    18.445165  0.019824937 -0.0039903448   0.59262026    20.116732    8140.8977 
  471000   0.90950039    13.122222    14.031722   -5.3427284   -4.8525663    18.446263  0.018686678 -0.048585834    0.6064094    20.125323    8151.3317 
  472000   0.89614871    13.152856    14.049005    -5.314473   -4.8241475    18.449263  0.018066388  0.012866816   0.59750716    20.135153    8163.2816 
  473000    0.9022176    13.126871    14.029088    -5.343912   -4.8524043    18.453016   0.01776628 -0.065472567   0.60155359    20.121279     8146.419 
  474000   0.89682626    13.119832    14.016659   -5.3387796   -4.8532583    18.441436  0.017175816 -0.097209798   0.59795892    20.123336    8148.9172 
  475000   0.91383402    13.124683    14.038517   -5.3491506   -4.8560781    18.453096  0.020738037 0.0046566847   0.60929884    20.107652    8129.8796 
  476000   0.90121974    13.121575    14.022795   -5.3492247   -4.8594224    18.451103  0.019696801 -0.0057148157   0.60088827    20.100503    8121.2111 
  477000    0.9029242    13.117169    14.020093   -5.3532865   -4.8605972    18.451766  0.018690033 -0.011394143   0.60202472    20.101791    8122.7723 
  478000   0.90946518    13.120732    14.030197   -5.3558414   -4.8618849    18.455637  0.020936545 -0.095915997   0.60638592    20.105316    8127.0455 
  479000   0.89251585     13.14643    14.038946   -5.3322538   -4.8410866    18.460477  0.018206143  0.046352067   0.59508495    20.124362    8150.1639 
  480000   0.89197548    13.125048    14.017023   -5.3490564   -4.8581968    18.454308  0.019795732  -0.23179317   0.59472466    20.116159    8140.2015 
  481000   0.91030673    13.112058    14.022364   -5.3513657   -4.8642679    18.446648  0.016775598   0.11113985   0.60694702    20.117155    8141.4112 
  482000   0.90302219    13.134915    14.037937   -5.3346607   -4.8405426    18.453502  0.016072991 -0.035700932   0.60209006    20.129557    8156.4771 
  483000   0.88523841    13.131598    14.016836   -5.3457454   -4.8522469    18.457996  0.019347471   -0.1156718   0.59023272    20.119002    8143.6542 
  484000   0.90117523    13.093913    13.995089   -5.3693775   -4.8736251    18.444249  0.019042313  0.070570747   0.60085859    20.095144    8114.7164 
  485000   0.89787462    13.093694    13.991568   -5.3689554   -4.8738535    18.444422  0.018226446  0.067861317   0.59865791    20.086618    8104.3929 
  486000   0.89629705    13.122665    14.018963   -5.3507557   -4.8548729    18.453718  0.019703172   0.10062877   0.59760607    20.100573    8121.2956 
  487000   0.89655743    13.120495    14.017052   -5.3547797   -4.8611762     18.45867  0.016604141   0.09802731   0.59777968    20.104779    8126.3952 
  488000    0.8879114    13.099505    13.987416   -5.3617269   -4.8662759    18.445448  0.015783651 -0.022331417   0.59201493    20.095921    8115.6576 
  489000   0.90665734    13.104595    14.011252   -5.3615324   -4.8669122     18.44917  0.016957475 -0.0050918831   0.60451379     20.09954    8120.0432 
  490000   0.89025586    13.121515    14.011771   -5.3461935   -4.8500131    18.449143  0.018564985  0.044679589    0.5935781     20.10003    8120.6379 
  491000   0.91544232    13.114593    14.030035   -5.3553152   -4.8557031    18.452268  0.017640213   0.02843962   0.61037117    20.107125    8129.2392 
  492000   0.90961913    13.126671     14.03629   -5.3458177   -4.8500669    18.452783  0.019705423   0.12006734   0.60648856    20.104817    8126.4409 
  493000   0.89585231    13.114316    14.010169   -5.3651963    -4.870156    18.460259  0.019253475   0.20283133   0.59730954    20.091723    8110.5726 
  494000   0.89942629    13.120999    14.020425   -5.3455132   -4.8519552    18.448514  0.017998182   0.14143986   0.59969249    20.105643    8127.4425 
  495000   0.91227682    13.133663     14.04594   -5.3414298   -4.8449172     18.45653  0.018563392    0.1254103   0.60826058    20.111697    8134.7858 
  496000   0.89712058    13.124889    14.022009   -5.3400248    -4.847852    18.446152  0.018761258 0.0098440358   0.59815515    20.110171    8132.9349 
  497000   0.89500837     13.12052    14.015528   -5.3522602    -4.856596    18.453969  0.018811672 -0.026333656   0.59674684      20.1052    8126.9046 
  498000   0.89159698    13.113184    14.004781   -5.3552379   -4.8615686    18.450209  0.018212783 -0.041556089    0.5944723    20.107384    8129.5534 
  499000   0.89852673    13.132187    14.030714   -5.3396414   -4.8449314     18.45414   0.01768857  0.082158957   0.59909271    20.117191    8141.4554 
  500000   0.90482854    13.122039    14.026868   -5.3505138   -4.8555049    18.453594  0.018959318  -0.12074714   0.60329444    20.107873    8130.1473 
  501000    0.8996421    13.113897    14.013539   -5.3557393   -4.8637092    18.450814  0.018821532  0.035118433   0.59983638    20.094536    8113.9801 
  502000   0.90027836    13.109525    14.009804   -5.3603059   -4.8669099    18.451782  0.018048826 -0.031278428    0.6002606    20.091061    8109.7714 
  503000   0.90583046    13.126835    14.032665   -5.3404462   -4.8495633    18.449252  0.018029356  -0.11877962   0.60396247    20.110173    8132.9369 
  504000   0.91186803    13.126543    14.038411   -5.3475286   -4.8534314    18.454101  0.019970432 -0.061561163   0.60798802    20.119605    8144.3856 
  505000   0.89738097    13.114074    14.011455   -5.3456555   -4.8536608    18.441143  0.018585698  0.016122391   0.59832877    20.111704    8134.7954 
  506000   0.90106652    13.120887    14.021953    -5.344677   -4.8523519    18.447362   0.01820226 -0.023642876   0.60078611     20.11495    8138.7343 
  507000   0.90666686    13.146995    14.053662   -5.3260075   -4.8291496    18.454475  0.018527629 -0.079597874   0.60452014    20.127733    8154.2609 
  508000   0.89825733    13.131604    14.029861    -5.331316   -4.8378125    18.445167  0.017753175  0.011204594   0.59891308    20.120105    8144.9928 
  509000   0.89813747    13.122207    14.020345    -5.346093   -4.8484795    18.450488  0.017812631  0.010372045   0.59883317     20.11484    8138.6003 
  510000   0.89211122    13.118926    14.011037   -5.3529782   -4.8558816    18.454139  0.017765351 -0.014747766   0.59481516     20.10604    8127.9242 
  511000   0.87612372    13.131399    14.007522   -5.3421122   -4.8449946    18.455137  0.018374274  -0.10997061    0.5841555    20.111197    8134.1801 
  512000   0.90724092    13.124236    14.031477   -5.3435662   -4.8499452    18.448827  0.018974692   0.26736342   0.60490289    20.101778    8122.7557 
  513000   0.90668484    13.109677    14.016362   -5.3584782   -4.8610376    18.448976  0.019179024  0.063004028   0.60453213    20.098917    8119.2884 
  514000    0.8956171    13.140823     14.03644   -5.3361739   -4.8426053    18.457969  0.019028206 -0.0069198068   0.59715271    20.107234    8129.3721 
  515000   0.90613891    13.137374    14.043513    -5.330184   -4.8407761    18.449535  0.018023199 0.0085092667   0.60416813    20.122051    8147.3573 
  516000   0.90006287     13.11519    14.015253    -5.351278   -4.8568886    18.448018  0.018450086  0.063967043   0.60011693    20.099387    8119.8585 
  517000   0.90279274    13.121409    14.024202   -5.3456867   -4.8524402    18.448279  0.018817176  0.045912472   0.60193707    20.109225    8131.7869 
  518000    0.9171349    13.123192    14.040327   -5.3395037    -4.841721    18.444549  0.018146628  -0.19208945   0.61149971    20.120628    8145.6285 
  519000   0.89614562    13.108734    14.004879   -5.3570242   -4.8578934    18.448737  0.017021001  0.059132329    0.5975051    20.101556    8122.4867 
  520000   0.90692442     13.10207    14.008994   -5.3628339   -4.8652035    18.447507  0.017396254 -0.086637625   0.60469187    20.103486    8124.8274 
  521000   0.90525578    13.124122    14.029378   -5.3453077    -4.848253    18.449818  0.019611762 -0.097049122    0.6035793    20.114885    8138.6555 
  522000   0.89734001    13.132723    14.030063   -5.3370374   -4.8405909    18.452076   0.01768431  0.059462817   0.59830146    20.115765    8139.7239 
  523000   0.90472462    13.120706    14.025431   -5.3480641   -4.8550543      18.4517  0.017070454 -0.032807787   0.60322515    20.116643    8140.7897 
  524000   0.89228732    13.127529    14.019817   -5.3444885   -4.8498272    18.452269   0.01974917 -0.069816037   0.59493258    20.108754    8131.2157 
  525000    0.9108135    13.133791    14.044605   -5.3415192   -4.8463044    18.456222   0.01908848  0.064366983   0.60728491    20.113859    8137.4107 
  526000   0.89975841    13.111883    14.011642   -5.3558529   -4.8597487    18.448984   0.01875223  0.023886691   0.59991393    20.097143    8117.1387 
  527000   0.90064306    13.117195    14.017838   -5.3460703   -4.8488612     18.44413  0.019135039 -0.069146937   0.60050377    20.108201    8130.5445 
  528000   0.91415247    13.117388     14.03154   -5.3539887   -4.8625446    18.453941  0.017435898 -0.00035086879   0.60951117    20.103618    8124.9871 
  529000    0.9069516    13.110374    14.017325   -5.3555539   -4.8595387    18.448433   0.01749473  0.017248918   0.60470999    20.098115     8118.317 
  530000   0.89910426     13.11972    14.018824   -5.3478564   -4.8521354    18.450009  0.017567511   0.10105073   0.59947778     20.10202    8123.0491 
  531000   0.90531414    13.138965    14.044279    -5.338645   -4.8466193     18.45993  0.017679393 -0.031506688   0.60361821    20.113442    8136.9043 
  532000   0.89483915    13.118328    14.013167   -5.3486503   -4.8552745    18.448464  0.018514208  0.018361165   0.59663401    20.100996    8121.8083 
  533000   0.89765694    13.112974    14.010631   -5.3571784   -4.8616387    18.452312  0.017840648  -0.10458602   0.59851277    20.101245    8122.1096 
  534000   0.89720453    13.137531    14.034736   -5.3366759   -4.8393046     18.45757  0.016636805   0.11567507   0.59821113    20.120464    8145.4292 
  535000   0.89602365    13.125476      14.0215   -5.3375009    -4.845347    18.446537   0.01643985 -0.089664534   0.59742377    20.131601     8158.962 
  536000   0.88578482    13.135972    14.021757   -5.3304159   -4.8375739    18.451055  0.015333111  -0.15197998   0.59059704    20.124142    8149.8975 
  537000   0.90029807    13.144121    14.044419   -5.3236229    -4.835097    18.450309   0.01743459  -0.12562565   0.60027375    20.131165     8158.433 
  538000   0.89397569    13.150785     14.04476   -5.3218952   -4.8306931    18.454861  0.017819186 -0.062780089    0.5960583    20.133445    8161.2044 
  539000   0.89253186    13.116329    14.008861   -5.3502474   -4.8547377    18.448809  0.017767162   -0.1389699   0.59509562    20.114231    8137.8621 
  540000   0.90064032    13.124978    14.025618   -5.3397437   -4.8430861    18.445362  0.019359773  0.032462302   0.60050194    20.124201    8149.9692 
  541000   0.89469647    13.144818    14.039515   -5.3210734   -4.8274328    18.450211  0.015680642 -0.041801511   0.59653888     20.13591    8164.2029 
  542000   0.89361756    13.135795    14.029413   -5.3241374   -4.8290872     18.44178   0.01815253 -0.082393813   0.59581952     20.12658    8152.8596 
  543000   0.90620391    13.104212    14.010416   -5.3596022   -4.8643251     18.44662  0.017194365   -0.1015527   0.60421146    20.100979    8121.7877 
  544000   0.89459179    13.113642    14.008234   -5.3547672   -4.8596381    18.451362   0.01704739  -0.07429084   0.59646909    20.105606    8127.3974 
  545000   0.90288099    13.106649     14.00953   -5.3604793    -4.865859    18.448798  0.018330382 -0.00096954026   0.60199591     20.10003    8120.6379 
  546000   0.87887068    13.106036    13.984906   -5.3644828   -4.8724837     18.45291  0.017608244    0.1211515   0.58598704     20.09241    8111.4055 
  547000   0.90439056    13.105001    14.009391   -5.3666683   -4.8758829    18.454182  0.017486855  -0.11163429   0.60300242     20.10344    8124.7708 
  548000   0.89365454    13.122493    14.016148   -5.3455775   -4.8537474    18.449363  0.018708023 -0.0046938959   0.59584418    20.118443    8142.9752 
  549000   0.90403202    13.140253    14.044285    -5.337469   -4.8469377    18.458944  0.018777395   0.15833238   0.60276336    20.115792     8139.756 
  550000   0.90246008    13.117968    14.020428   -5.3495564   -4.8566822    18.447049  0.020475725  -0.21160076   0.60171527    20.119665    8144.4588 
  551000   0.89392872     13.11294    14.006868    -5.347564   -4.8585482    18.441622  0.018882053 -0.092177019   0.59602698    20.116811    8140.9939 
  552000   0.89538643    13.121625    14.017012   -5.3394929   -4.8491858    18.441948  0.019170248  -0.10282512   0.59699891    20.125296    8151.2994 
  553000   0.89999034    13.136056    14.036046    -5.330859   -4.8412926    18.448277   0.01863807   -0.1178906   0.60006857    20.132848    8160.4784 
  554000   0.89141445    13.119859    14.011274   -5.3511235   -4.8570897    18.453633  0.017349766 -0.029937476   0.59435059    20.115675    8139.6144 
  555000   0.89612626    13.115427    14.011553    -5.357123   -4.8639266    18.452972  0.019578083  0.071765512    0.5974922    20.102017     8123.046 
  556000   0.91559282    13.116468    14.032061   -5.3475889   -4.8479473    18.445857   0.01819987  -0.10483264   0.61047152    20.115573    8139.4909 
  557000    0.8993529    13.124428    14.023781   -5.3479568   -4.8579168    18.454103  0.018282072 -0.015980535   0.59964355    20.119047    8143.7087 
  558000   0.89239249    13.126471    14.018863   -5.3471787   -4.8545347    18.455933  0.017716754  0.097011059    0.5950027    20.106364     8128.317 
  559000   0.87440759    13.120762     13.99517   -5.3578765    -4.860726    18.457846  0.020793291 -0.039143621   0.58301127    20.104096    8125.5662 
  560000   0.89777202    13.127873    14.025645   -5.3391524   -4.8497399    18.448903  0.018121845  -0.19547817    0.5985895    20.126083    8152.2555 
  561000   0.89495644    13.125378    14.020334   -5.3379011    -4.844186    18.445324  0.017954991 -0.031351997   0.59671222    20.122437    8147.8262 
  562000    0.9014939    13.127365    14.028859   -5.3342787   -4.8409275    18.442546  0.019097314  -0.18750894   0.60107107     20.12156    8146.7608 
  563000   0.89772062    13.138527    14.036248   -5.3356541   -4.8426746    18.455407  0.018774169  -0.12255327   0.59855523    20.119928     8144.778 
  564000   0.89217314    13.123188    14.015361   -5.3439138   -4.8476784    18.449611  0.017490682  0.013613221   0.59485645    20.115947    8139.9442 
  565000   0.88253665    13.127692    14.010229   -5.3351891   -4.8431353    18.446458  0.016423353   0.10002937   0.58843132    20.129956    8156.9632 
  566000   0.89391905     13.14446    14.038379   -5.3237784   -4.8334273     18.44975   0.01848813  -0.34189932   0.59602054    20.141609    8171.1366 
