#Step KinEng PotEng TotEng E_pair E_bond E_angle Press Temp Lx Volume 
   99000   0.73285873    14.051939    14.784798   -5.5449675    19.430284    0.1666219  -0.15405316   0.48863356    19.964596    7957.5904 
  100000   0.75163008    14.059437    14.811068   -5.5350813     19.42553   0.16898858  -0.11989611   0.50114937    19.966901    7960.3466 
  101000   0.74984033    14.056414    14.806254   -5.5425801    19.430681   0.16831346 -0.090112397   0.49995605    19.955719    7946.9798 
  102000   0.75326524    14.038716    14.791981   -5.5484772    19.422112   0.16508092  0.023023504    0.5022396     19.94511    7934.3132 
  103000   0.75567069    14.049096    14.804766   -5.5475129    19.429857   0.16675188  0.090839951   0.50384344    19.950582    7940.8443 
  104000   0.75576954    14.071102    14.826872   -5.5352747    19.438814   0.16756315  0.049111592   0.50390935    19.950167    7940.3499 
  105000   0.75365503    14.048786    14.802441   -5.5518667    19.432925   0.16772776  0.044612559    0.5024995    19.947158    7936.7575 
  106000   0.74417047    14.045189     14.78936   -5.5522131    19.430282   0.16712002 -0.020328104   0.49617567     19.94802    7937.7864 
  107000   0.73723024    14.042207    14.779437   -5.5508402    19.429046   0.16400166  -0.32133953   0.49154827    19.949491    7939.5418 
  108000   0.75118709    14.052518    14.803705   -5.5438032    19.432735    0.1635866 -0.021403916     0.500854    19.944016    7933.0069 
  109000    0.7585393     14.04187    14.800409   -5.5557274    19.434097    0.1634999   0.11170263   0.50575609    19.924831    7910.1353 
  110000   0.74904691    14.030159    14.779205   -5.5612827    19.427966   0.16347508   0.13023955   0.49942703    19.937777     7925.565 
  111000   0.74033849    14.059064    14.799403   -5.5455459    19.437679   0.16693136  0.098869945    0.4936207    19.942377    7931.0512 
  112000   0.74202613    14.061942    14.803968   -5.5355143    19.432479   0.16497736  0.079027362   0.49474593    19.941675    7930.2141 
  113000   0.73729868     14.04074    14.778039   -5.5508998    19.429128   0.16251263   0.13412226    0.4915939    19.934936    7922.1768 
  114000   0.75800604    14.038197    14.796203    -5.556587    19.427922   0.16686153 0.0016961929   0.50540054    19.941015    7929.4268 
  115000   0.74852339     14.05221    14.800733   -5.5409074    19.429859   0.16325773   -0.1160663   0.49907798    19.957048    7948.5684 
  116000   0.74652967      14.0503     14.79683   -5.5434762     19.42966   0.16411657 -0.020263699   0.49774866     19.94683    7936.3653 
  117000   0.74530243    14.038447    14.783749    -5.552259    19.429889   0.16081692  0.091489564    0.4969304    19.935564    7922.9258 
  118000   0.74516521    14.044002    14.789167   -5.5523254    19.434305   0.16202269   0.15176281   0.49683891    19.931165    7917.6823 
  119000   0.75205927     14.04974    14.801799   -5.5413075    19.427936   0.16311165   0.11406805   0.50143552     19.94647    7935.9359 
  120000   0.75899912     14.04382    14.802819   -5.5434371    19.425477   0.16177999  -0.13512391   0.50606267     19.95625    7947.6153 
  121000   0.75133396    14.048993    14.800327   -5.5454737    19.432016   0.16245117 -0.040583936   0.50095192     19.93822    7926.0928 
  122000    0.7461888    14.041559    14.787748   -5.5484756    19.428547    0.1614874 -0.025657797   0.49752139    19.935263    7922.5669 
  123000    0.7568949    14.054528    14.811423   -5.5372471    19.432253   0.15952222  -0.11075601   0.50465968     19.94761    7937.2962 
  124000   0.74652015    14.050559    14.797079   -5.5410745    19.430813    0.1608202 0.00031607666   0.49774232    19.931981     7918.654 
  125000    0.7463468     14.03213    14.778477   -5.5531001    19.424671   0.16055925   0.19169382   0.49762674     19.92448    7909.7181 
  126000   0.74727725    14.043159    14.790437   -5.5499057    19.432182   0.16088276  0.023510432   0.49824711    19.935949    7923.3848 
  127000   0.75221657    14.057017    14.809233   -5.5334914    19.431283   0.15922545  0.017579559    0.5015404     19.93709    7924.7456 
  128000   0.74237529    14.052987    14.795362   -5.5353844    19.428867   0.15950429 -0.079857698   0.49497873    19.943486    7932.3749 
  129000   0.73560342    14.052622    14.788225    -5.538805    19.431826   0.15960043 -0.091754732   0.49046359    19.942701    7931.4375 
  130000   0.75732497    14.057522    14.814847   -5.5341804    19.433736   0.15796667 -0.022255719   0.50494643     19.94931     7939.326 
  131000    0.7494051    14.044144     14.79355   -5.5476536    19.433385   0.15841322  0.067917908   0.49966586    19.931506    7918.0879 
  132000   0.74638669    14.039267    14.785654   -5.5530677    19.430916   0.16141957  0.064984298   0.49765333    19.925242    7910.6248 
  133000   0.76568338    14.040082    14.805766    -5.549007    19.427597    0.1614919 -0.058609232    0.5105194    19.931681    7918.2969 
  134000   0.74297234    14.043891    14.786864   -5.5509042    19.433645   0.16115014  0.019453653   0.49537682    19.933014    7919.8859 
  135000   0.74852351    14.037459    14.785983   -5.5521648    19.433077     0.156547  0.038883491   0.49907806    19.927895     7913.785 
  136000   0.75119729    14.033553     14.78475    -5.562312    19.438256   0.15760887   0.12648016    0.5008608    19.919694    7904.0196 
  137000   0.73952328    14.031009    14.770532   -5.5648315     19.43615   0.15969059   0.11612934   0.49307715    19.913637    7896.8107 
  138000   0.74951049    14.045879    14.795389    -5.549824    19.438869   0.15683314   0.11651686   0.49973613    19.927179     7912.933 
  139000   0.75910989    14.029326    14.788436   -5.5515196      19.4255   0.15534508  0.055574162   0.50613653    19.924756    7910.0467 
  140000   0.73940393    14.029054    14.768458   -5.5512503    19.423306   0.15699768 -0.048352541   0.49299758     19.93357    7920.5486 
  141000   0.75256479    14.026585    14.779149   -5.5588967     19.42734   0.15814109  -0.19493345   0.50177258     19.93719     7924.864 
  142000   0.74603535    14.045912    14.791947   -5.5437651    19.433101   0.15657598 -0.076891329   0.49741908    19.926692    7912.3523 
  143000   0.73939255    14.037427    14.776819    -5.550906    19.430909   0.15742412   0.22120931   0.49298999    19.920076    7904.4744 
  144000    0.7474097    14.041934    14.789344   -5.5519782    19.433822   0.16008983  0.056078749   0.49833543     19.92337    7908.3956 
  145000   0.75090697    14.049727    14.800634   -5.5361185    19.429365   0.15648087  -0.10494018   0.50066723    19.934472    7921.6235 
  146000   0.73707585    14.038512    14.775588   -5.5530171    19.434451   0.15707817  0.046206675   0.49144533    19.932556    7919.3398 
  147000   0.74545694    14.032374    14.777831   -5.5542402    19.427732   0.15888198  0.067547711   0.49703343    19.923057    7908.0232 
  148000   0.76308236     14.03718    14.800262   -5.5546865    19.433788   0.15807845  0.072093568   0.50878517    19.918867    7903.0352 
  149000   0.74951882    14.034525    14.784044   -5.5528407    19.429559   0.15780697   0.04074524   0.49974168    19.914189    7897.4677 
  150000   0.74433921    14.028897    14.773236    -5.568322    19.439236   0.15798276   0.18706261   0.49628818    19.915462     7898.982 
  151000   0.75582603    14.035749    14.791575   -5.5586196    19.436766   0.15760261  -0.16677871   0.50394701    19.925669    7911.1343 
  152000   0.74772985    14.018151    14.765881   -5.5690318    19.431264   0.15591901   0.17442245   0.49854889    19.903486    7884.7409 
  153000   0.75370785    14.021761    14.775469   -5.5686645    19.432512   0.15791424   0.16891817   0.50253472    19.912131    7895.0196 
  154000   0.74681385    14.038786      14.7856    -5.546685    19.431302   0.15416845 0.00036746395   0.49793814    19.927079     7912.814 
  155000   0.75948353    14.045303    14.804787   -5.5449252    19.435026   0.15520221 -0.019904176   0.50638565    19.932564     7919.349 
  156000   0.75385831     14.03041    14.784269    -5.552329     19.42629   0.15644967 -0.013709362   0.50263504    19.918252    7902.3034 
  157000   0.75325658    14.018175    14.771432   -5.5702435    19.433705   0.15471359  0.098221469   0.50223384    19.909809     7892.258 
  158000   0.74475744    14.031476    14.776234   -5.5623832    19.437257    0.1566021  0.073037006   0.49656703    19.924315    7909.5213 
  159000   0.75416563    14.034434      14.7886   -5.5567367    19.433787   0.15738393 -0.029868145   0.50283994    19.925029    7910.3717 
  160000   0.74889035    14.025266    14.774157   -5.5640104    19.433194   0.15608277  0.060373136   0.49932265    19.907433    7889.4327 
  161000   0.75891363    14.008818    14.767732   -5.5756098    19.429052   0.15537613  0.064492796   0.50600567     19.89919    7879.6371 
  162000   0.75886286    14.031157    14.790019   -5.5633159    19.435607   0.15886557  -0.11444031   0.50597182    19.918167    7902.2017 
  163000   0.73736328    14.037067    14.774431   -5.5535011    19.432758    0.1578102 -0.033580724   0.49163697    19.920331    7904.7776 
  164000   0.73942321    14.014398    14.753821   -5.5704647    19.427376   0.15748679  -0.16620255   0.49301043     19.91476     7898.147 
  165000   0.73357743    14.045087    14.778665   -5.5474276    19.433878   0.15863714 -0.0047607038   0.48911276    19.922482    7907.3386 
  166000   0.75948684    14.033929    14.793416    -5.551505    19.427656   0.15777783 0.0093247431   0.50638786    19.929504    7915.7031 
  167000    0.7501952    14.046744    14.796939    -5.544887    19.434219   0.15741212  0.075683804   0.50019266    19.920485    7904.9613 
  168000   0.75055198    14.042521    14.793073   -5.5475735      19.4328   0.15729365 0.0098963639   0.50043054     19.92313    7908.1102 
  169000   0.75696092    14.018187    14.775148   -5.5586262    19.418879   0.15793368 -0.048879497    0.5047037     19.91283    7895.8507 
  170000   0.76307646     14.02832    14.791397   -5.5526115    19.425125   0.15580616  -0.10856729   0.50878124    19.931464    7918.0377 
  171000   0.74512915    14.046031    14.791161   -5.5397137    19.428824   0.15692121 -0.090029541   0.49681487    19.932432    7919.1923 
  172000   0.74452261    14.030061    14.774584   -5.5583301    19.433251    0.1551407   0.11300511   0.49641046    19.920783    7905.3157 
  173000   0.75331536    14.029033    14.782348   -5.5490624    19.422944   0.15515151  0.092478239   0.50227302    19.910448    7893.0176 
  174000   0.75472463    14.033391    14.788116   -5.5574879    19.436628   0.15425112   0.14941631   0.50321266     19.90693    7888.8344 
  175000   0.74516209    14.022589    14.767751   -5.5593364    19.426998   0.15492738   0.10098826   0.49683683    19.906267    7888.0472 
  176000   0.74487603    14.045718    14.790594   -5.5425226    19.435023   0.15321829  0.098153113    0.4966461    19.916917    7900.7136 
  177000   0.75056074    14.038061    14.788622   -5.5434995    19.425772   0.15578828    0.0290209   0.50043638     19.92033    7904.7769 
  178000   0.74488637    14.021227    14.766113   -5.5604717    19.426481   0.15521732    0.1127488     0.496653    19.900328    7880.9883 
  179000   0.75191453    14.025327    14.777241   -5.5555414    19.425649   0.15521904  -0.11359498   0.50133902    19.924327     7909.536 
  180000   0.74938682    14.037593     14.78698   -5.5481087    19.429718   0.15598466  -0.30448871   0.49965367    19.945013    7934.1965 
  181000   0.74258074    14.034085    14.776665   -5.5511285     19.43048   0.15473262  0.060858484   0.49511572    19.920833    7905.3751 
  182000   0.74088241    14.018835    14.759717   -5.5645305    19.427975   0.15538977  0.050212048   0.49398335    19.915111    7898.5649 
  183000   0.75427796    14.031434    14.785712    -5.552989    19.430382    0.1540409 -0.015653775   0.50291484    19.922583    7907.4588 
  184000   0.74106069    14.034796    14.775857   -5.5458011     19.42805   0.15254668 -0.069356055   0.49410222    19.922749    7907.6559 
  185000   0.74438408    14.012769    14.757153   -5.5691785    19.427839   0.15410855  0.071364416   0.49631809     19.90861    7890.8319 
  186000   0.75780519    14.019977    14.777783   -5.5640745    19.428947   0.15510487 -0.015593254   0.50526662    19.915013    7898.4482 
  187000   0.74429276    14.049997     14.79429   -5.5382139    19.430415   0.15779545 -0.055944637    0.4962572    19.920487    7904.9631 
  188000   0.74856353    14.027056     14.77562   -5.5541645    19.427789   0.15343147 0.0092426261   0.49910474    19.907345    7889.3285 
  189000    0.7439122    14.027559    14.771472   -5.5586242    19.431034   0.15514968 -0.020297176   0.49600347    19.909099    7891.4134 
  190000   0.76423155    14.017511    14.781742   -5.5624465    19.426791   0.15316591  0.028926554    0.5095514    19.903078    7884.2557 
  191000   0.75201168    14.014117    14.766129    -5.569441    19.430302   0.15325685 -0.097111906    0.5014038    19.907278    7889.2488 
  192000   0.73975123    14.022123    14.761874   -5.5628903    19.434097   0.15091649   0.16494242   0.49322914    19.897225    7877.3024 
  193000   0.75524365    14.025338    14.780582    -5.564624     19.43466   0.15530227   0.10522075   0.50355871     19.90301    7884.1755 
  194000   0.74887415    14.016742    14.765616   -5.5685286    19.430261   0.15501012  0.067323163   0.49931185    19.903783    7885.0946 
  195000   0.75344352    14.019414    14.772857   -5.5593592    19.425971   0.15280129  0.022283257   0.50235848    19.906039    7887.7754 
  196000   0.75200933    14.041357    14.793367   -5.5468253     19.43458   0.15360241   0.12454798   0.50140223    19.906219    7887.9902 
  197000   0.75066588    14.027459    14.778125     -5.55189    19.427146   0.15220283  0.084317232   0.50050648    19.919003    7903.1971 
  198000   0.73627089    14.025353    14.761624   -5.5578134    19.429946   0.15322011 -0.089398118   0.49090862    19.917029    7900.8477 
  199000   0.74459158    14.024959     14.76955   -5.5529208    19.425614   0.15226557  0.013717431   0.49645644    19.914307    7897.6089 
