1 -0.0462822 
2 -0.0509313 
3 -0.484344 
4 -0.943508 
5 -0.0385353 
6 -0.0131699 
7 -0.153342 
8 -0.977427 
9 -0.0161051 
10 -0.0213868 
11 -0.0201149 
12 -0.0873834 
13 -0.758203 
14 -0.0295833 
15 -0.0596114 
16 -0.303291 
17 -0.123407 
18 -0.0784248 
19 -0.0900075 
20 -0.000767798 
21 -0.00354486 
22 -0.0856539 
23 -0.00642973 
24 -0.0569661 
25 -0.014115 
26 -0.000305421 
27 -0.000931397 
28 -0.0759506 
29 -0.000840516 
30 -0.0554998 
31 -0.00235544 
32 -0.0791516 
33 -0.0881917 
34 -0.0662522 
35 -0.0189175 
36 -0.095034 
37 -0.00250993 
38 -0.864523 
39 -0.0991695 
40 -0.0452804 
41 -0.622698 
42 -0.0589395 
43 -0.0884146 
44 -0.946667 
45 -0.167347 
46 -0.489333 
47 -0.0443818 
48 -0.00644819 
49 -0.0742857 
50 -0.0914707 
51 -0.0143207 
52 -0.120507 
53 -0.194078 
54 -0.0602592 
55 -0.968494 
56 -0.0611793 
57 -0.976657 
58 -0.0861414 
59 -0.158025 
60 -0.0789679 
61 -0.066502 
62 -0.956331 
63 -0.125247 
64 -0.973002 
65 -0.0813121 
66 -0.0976111 
67 -0.128855 
68 -0.0483706 
69 -0.0467272 
70 -0.0724856 
71 -0.00346654 
72 -0.00631137 
73 -0.0749712 
74 -0.0283573 
75 -0.0251246 
76 -0.00653181 
77 -0.0799574 
78 -0.00449871 
79 -0.00484307 
80 -0.00107335 
81 -0.0137848 
82 -0.0194472 
83 -0.00304961 
84 -0.0762835 
85 -0.05916 
86 -0.0611851 
87 -0.0647197 
88 -0.0855426 
89 -0.0143664 
90 -0.366172 
91 -0.012993 
92 -0.00813368 
93 -0.512226 
94 -0.124414 
95 -0.0338359 
96 -0.0398493 
97 -0.413749 
98 -0.0295632 
99 -0.00806872 
100 -0.0491773 
101 -0.0272317 
102 -0.206522 
103 -0.0124342 
104 -0.0243497 
105 -0.0154679 
106 -0.0586697 
107 -0.0854745 
108 -0.0438165 
109 2.427 
110 -0.116286 
111 -0.0134731 
112 -0.273547 
113 -0.0794194 
114 -0.0387641 
115 -0.910376 
116 -0.0197758 
117 -0.138165 
118 -0.0234434 
119 -0.265654 
120 -0.304471 
121 -0.0179514 
122 -0.499869 
123 -0.703447 
124 -0.0104851 
125 -0.123774 
126 -0.0910105 
127 -0.710171 
128 -0.524071 
129 -0.0474223 
130 -0.821304 
131 -0.0216347 
132 -0.864739 
133 -0.97362 
134 -0.341667 
135 -0.955518 
136 -0.753043 
137 -0.0718937 
138 -0.0643134 
139 -0.048897 
140 -0.0108044 
141 -0.0353795 
142 -0.0288896 
143 -0.491302 
144 -0.5857 
145 -0.237962 
146 -0.0054335 
147 -0.393939 
148 -0.951283 
149 -0.61541 
150 -0.100507 
151 -0.0296803 
152 -0.00764028 
153 -0.239066 
154 -0.0286513 
155 -0.0719341 
156 -0.057588 
157 -0.0190719 
158 -0.0144068 
159 -0.0525459 
160 -0.00175801 
161 -0.0926994 
162 -0.916721 
163 -0.0454238 
164 -0.982897 
165 -0.0211235 
166 -0.00452179 
167 -0.110271 
168 -0.000447432 
169 -0.0112384 
170 -0.444825 
171 -0.176014 
172 -0.0664587 
173 -0.0370476 
174 -0.149147 
175 -0.0467935 
176 -0.0120268 
177 -0.0128887 
178 -0.0922941 
179 -0.184077 
180 -0.0264737 
181 -0.0731534 
182 -0.0657991 
183 -0.0613118 
184 -0.0853932 
185 -0.100864 
186 -0.139525 
187 -0.502068 
188 -0.22591 
189 -0.0269384 
190 -0.0801552 
191 -0.0356484 
192 -0.0268453 
193 -0.0503586 
194 -0.982366 
195 -0.120341 
196 -0.0867126 
197 -0.0880202 
198 -0.0476138 
199 -0.0160585 
200 -0.0271048 
201 -0.173952 
202 -0.354661 
203 -0.0470592 
204 -0.463932 
205 -0.0213891 
206 -0.000307965 
207 -0.0621632 
208 -0.0500965 
209 -0.0322412 
210 -0.0966866 
211 -0.00719755 
212 -0.046513 
213 -0.0286431 
214 -0.0589475 
215 -0.0067834 
216 -0.0597213 
217 -0.0752778 
218 -0.0799755 
219 -0.0632105 
220 -0.00412673 
221 -0.0667191 
222 -0.0574694 
223 -0.0579349 
224 -0.0772557 
225 -0.0958652 
226 -0.034739 
227 -0.0671746 
228 -0.100399 
229 -0.0607254 
230 -0.974384 
231 -0.0749458 
232 -0.0744611 
233 -0.0518581 
234 -0.0609411 
235 -0.0820727 
236 -0.0108091 
237 -0.979457 
238 -0.119797 
239 -0.132009 
240 -0.000698732 
241 -0.0680268 
242 -0.0173585 
243 -0.0628221 
244 -0.0436814 
245 -0.052734 
246 -0.048075 
247 -0.0656364 
248 -0.00720629 
249 -0.0604079 
250 -0.093223 
251 -0.0279144 
252 -0.0819834 
253 -0.00103872 
254 -0.0682285 
255 -0.00177008 
256 -0.0868266 
257 -0.0236385 
258 -0.0954205 
259 -0.0783341 
260 -0.958163 
261 -0.540371 
262 -0.11258 
263 -0.0389192 
264 -0.288177 
265 -0.0407508 
266 -0.0185301 
267 -0.320491 
268 -0.983679 
269 -0.660087 
270 -0.0233484 
271 -0.256761 
272 -0.361657 
273 -0.126546 
274 -0.915285 
275 -0.0684542 
276 -0.837755 
277 -0.0274077 
278 -0.730172 
279 -0.0530811 
280 -0.060918 
281 -0.585065 
282 -0.0418299 
283 -0.0463905 
284 -0.082414 
285 -0.0477645 
286 -0.010034 
287 -0.0810685 
288 -0.000123474 
289 -0.196247 
290 -0.0531797 
291 -0.613894 
292 -0.157898 
293 -0.0828446 
294 -0.00880847 
295 -0.0197785 
296 -8.40927e-05 
297 -0.032236 
298 -0.00907778 
299 -0.116811 
300 -0.00953386 
301 -0.0538456 
302 -0.00380644 
303 -0.000826714 
304 -0.098192 
305 -0.010246 
306 -0.0434456 
307 -0.043391 
308 -0.0890366 
309 -0.241576 
310 -0.00406353 
311 -0.0131268 
312 -0.699908 
313 -0.0760885 
314 -0.112558 
315 -0.0653927 
316 -0.0707587 
317 -0.0716848 
318 -0.246358 
319 -0.067161 
320 -0.05792 
321 -0.00213248 
322 -0.0467874 
323 -0.0539405 
324 -0.0152097 
325 -0.0698882 
326 -0.718622 
327 -0.0749104 
328 -0.707558 
329 -0.00295797 
330 -0.0704749 
331 -0.13843 
332 -0.081713 
333 -0.00541673 
334 -0.0477318 
335 -0.315158 
336 -0.0106659 
337 -0.0596295 
338 -0.0387166 
339 -0.112372 
340 -0.0175477 
341 -0.00392678 
342 -0.013962 
343 -0.0854416 
344 -0.84607 
345 -0.0641872 
346 -0.0618725 
347 -0.0737732 
348 -0.0624726 
349 -0.128395 
350 -0.00374858 
351 -0.0582025 
352 -0.974907 
353 -0.968145 
354 -0.14807 
355 -0.37864 
356 -0.01077 
357 -0.0103887 
358 -0.0510477 
359 -0.483123 
360 -0.136616 
361 -0.190287 
362 -0.0334396 
363 -0.0301258 
364 -0.0357362 
365 -0.056649 
366 -0.0262931 
367 -0.012728 
368 -0.00116412 
369 -0.00992571 
370 -0.034829 
371 -0.0641002 
372 -0.00728491 
373 -0.0265288 
374 -0.758741 
375 -0.853664 
376 -0.0604252 
377 -0.0550659 
378 -0.478252 
379 -0.030267 
380 -0.0598136 
381 -0.981804 
382 -0.0660336 
383 -0.402803 
384 -0.00509641 
385 -0.153424 
386 -0.00244893 
387 -0.070963 
388 -0.0869637 
389 -0.091299 
390 -0.0812021 
391 -0.0658496 
392 -0.0751534 
393 -0.0173749 
394 -0.087872 
395 -0.0792947 
396 -0.0360585 
397 -0.0557482 
398 -0.056742 
399 -0.0404917 
400 -0.0635181 
401 -0.0393615 
402 -0.0602606 
403 -0.0722329 
404 -0.069116 
405 -0.105565 
406 -0.956951 
407 -0.678365 
408 -0.0871922 
409 -0.116748 
410 -0.47805 
411 -0.945307 
412 -0.0398811 
413 -0.203219 
414 0.278569 
415 -0.326869 
416 -0.00521131 
417 -0.0600885 
418 -0.0564136 
419 -0.0121994 
420 -0.0621744 
421 -0.00819506 
422 -0.010497 
423 -0.0126851 
424 -0.0698288 
425 -0.0391504 
426 -0.00157687 
427 -0.059012 
428 -0.00431763 
429 -0.00255766 
430 -0.047444 
431 -0.437659 
432 -0.655307 
433 -0.199881 
434 -0.0237833 
435 -0.0640022 
436 -0.433432 
437 -0.066554 
438 -0.0262118 
439 -0.0408128 
440 -0.051721 
441 -0.001554 
442 -0.0663898 
443 -0.0592321 
444 -0.0715773 
445 -0.0714894 
446 -0.0860866 
447 -0.0972292 
448 -0.087827 
449 -0.0863433 
450 -0.0118804 
451 -0.0357141 
452 -0.0735547 
453 -0.00936318 
454 -0.125272 
455 -0.0431629 
456 -0.107525 
457 -0.065452 
458 -0.0269393 
459 -0.0501103 
460 -0.306385 
461 -0.0302778 
462 -0.00387015 
463 -0.0380669 
464 -0.919224 
465 -0.138689 
466 -0.214452 
467 -0.107253 
468 -0.00506713 
469 -0.861222 
470 -0.362296 
471 -0.062146 
472 -0.243799 
473 -0.952061 
474 -0.152745 
475 -0.000523586 
476 -0.0710146 
477 -0.177882 
478 -0.0988677 
479 -0.0138281 
480 -0.26051 
481 -0.345219 
482 -0.0540126 
483 -0.00632212 
484 -0.0515028 
485 -0.0757926 
486 -0.00431059 
487 -0.00348874 
488 -0.0175992 
489 -0.073331 
490 -0.015342 
491 -0.00376525 
492 -0.0187079 
493 -0.16929 
494 -0.2205 
495 -0.208823 
496 -0.0380404 
497 -0.0558107 
498 -0.109799 
499 -0.0979781 
500 -0.056446 
501 -0.104509 
502 -0.0583267 
503 -0.0826119 
504 -0.0783518 
505 -0.012547 
506 -0.0682648 
507 -0.0725441 
508 -0.0724646 
509 -0.0510333 
510 -0.088319 
511 -0.101613 
512 -0.0600914 
513 -0.141747 
514 -0.0790375 
515 -0.0669883 
516 -0.0956641 
517 -0.0477884 
518 -0.0674208 
519 -0.0679211 
520 -0.0598773 
521 -0.0727867 
522 -0.0521364 
523 -0.00182496 
524 -0.0602001 
525 -0.00801274 
526 -0.0299315 
527 -0.22765 
528 -0.025931 
529 0.744756 
530 -0.898466 
531 -0.10989 
532 -0.00737474 
533 -0.0669407 
534 -0.000316496 
535 -0.00761679 
536 -0.0621148 
537 -0.080295 
538 -0.00117469 
539 -0.0166074 
540 -0.0604017 
541 -0.0603343 
542 -0.00167418 
543 -0.0741008 
544 -0.0555765 
545 -0.112777 
546 -0.146604 
547 -0.0110731 
548 -0.126707 
549 -0.0101264 
550 -0.000440882 
551 -0.0580326 
552 -0.944186 
553 -0.0661572 
554 -0.156416 
555 -0.0581201 
556 -0.0573422 
557 -0.0730925 
558 -0.0597301 
559 -0.0569337 
560 -0.0907349 
561 -0.0520027 
562 -0.0836011 
563 -0.105073 
564 -0.0574804 
565 -0.299175 
566 -0.246037 
567 -0.0215849 
568 -0.0355851 
569 -0.0772481 
570 -0.0594276 
571 -0.096599 
572 -0.00226137 
573 -0.0994162 
574 -0.0656881 
575 -0.83822 
576 -0.0307349 
577 -0.0456208 
578 -0.0688829 
579 -0.0741527 
580 -0.0649839 
581 -0.00196145 
582 -0.0770701 
583 -0.0555387 
584 -0.0579541 
585 -0.0335746 
586 -0.083402 
587 -0.000196077 
588 -0.078006 
589 -0.0785584 
590 -0.0963112 
591 -0.10017 
592 -0.041355 
593 -0.00807882 
594 -0.669455 
595 -0.877642 
596 -0.137869 
597 -0.0923965 
598 -0.0317951 
599 -0.302059 
600 -0.344387 
601 -0.945117 
602 -0.452137 
603 -0.0779721 
604 -0.0290494 
605 -0.00275678 
606 -0.0911008 
607 -0.0802489 
608 -0.00648133 
609 -0.0648752 
610 -0.0854237 
611 -0.0780909 
612 -0.103383 
613 -0.0675085 
614 -0.0139707 
615 -0.00684718 
616 -0.0487221 
617 -0.0997065 
618 -0.0844094 
619 -0.0812108 
620 -0.0563539 
621 -0.0521399 
622 -0.0148323 
623 -0.0838664 
624 -0.0106479 
625 -0.0089375 
626 -0.0398259 
627 -0.0665842 
628 -0.0711185 
629 -0.176861 
630 -0.983024 
631 -0.308963 
632 -0.0168942 
633 -0.0732596 
634 -0.0594235 
635 -0.00596164 
636 -0.0190223 
637 -0.0684186 
638 -0.100435 
639 -0.0203626 
640 -0.00968369 
641 -0.0391306 
642 -0.0163617 
643 -0.0951253 
644 -0.0633821 
645 -0.091147 
646 -0.00914545 
647 -0.00221943 
648 -0.066957 
649 -0.336982 
650 -0.0657497 
651 -0.0493639 
652 -0.152972 
653 -0.0600373 
654 -0.0214131 
655 -0.117598 
656 -0.014759 
657 -0.0402478 
658 -0.04811 
659 -0.0996764 
660 -0.0695498 
661 -0.0641301 
662 -0.0387988 
663 -0.0422507 
664 -9.07085e-05 
665 -0.00963799 
666 -0.323615 
667 -0.0201752 
668 -0.0856322 
669 -0.0011392 
670 -0.855015 
671 -0.130701 
672 -0.874323 
673 -0.0627734 
674 -0.0906648 
675 -0.0482519 
676 -0.520839 
677 -0.958047 
678 -0.0720405 
679 -0.637148 
680 -0.0682049 
681 -0.0973381 
682 -0.0836026 
683 -0.0699948 
684 -0.488237 
685 -0.0248892 
686 -0.0934424 
687 -0.0534343 
688 -0.973507 
689 -0.0023148 
690 -0.233724 
691 -0.073225 
692 -0.0282168 
693 -0.139888 
694 -0.0830517 
695 -0.0933473 
696 -0.0473304 
697 -0.102813 
698 -0.0474353 
699 -0.0625379 
700 -0.0042434 
701 -0.0292879 
702 -0.192605 
703 -0.948704 
704 -0.0767428 
705 -0.0497858 
706 -0.0796022 
707 -0.0785549 
708 -0.0608973 
709 -0.140632 
710 -0.0127017 
711 -0.0114704 
712 -0.406264 
713 -0.924786 
714 -0.0491781 
715 -0.0751135 
716 -0.0309846 
717 -0.0467768 
718 -0.584033 
719 -0.0798721 
720 -0.0736648 
721 -0.140085 
722 -0.0120892 
723 -0.080516 
724 -0.0266916 
725 -0.0088168 
726 -0.0769953 
727 -0.0643177 
728 -0.0122708 
729 -0.0371966 
730 -0.100755 
731 -0.000937391 
732 -0.0746646 
733 -0.00445656 
734 -0.105355 
735 0.927975 
736 -0.350334 
737 -0.0235168 
738 -0.068808 
739 -0.080865 
740 -0.0640987 
741 -0.073826 
742 -0.00159877 
743 -0.0599571 
744 -0.0870909 
745 -0.309403 
746 -0.076212 
747 -0.885186 
748 -0.86935 
749 -0.00220448 
750 -0.374893 
751 -0.108937 
752 -0.0762557 
753 -0.0105327 
754 -0.663451 
755 -0.0813358 
756 -0.00123324 
757 -0.0347604 
758 -0.0889871 
759 -0.0769516 
760 -0.0621308 
761 -0.0349914 
762 -0.0321973 
763 -0.0748 
764 -0.0940749 
765 -0.060033 
766 -0.135225 
767 -0.622243 
768 -0.0743896 
769 -0.0548751 
770 -0.0823996 
771 -0.970789 
772 -0.0631939 
773 -0.134115 
774 -0.966445 
775 -0.135932 
776 -0.0038719 
777 -0.0415098 
778 -0.00355615 
779 -0.060068 
780 -0.0187373 
781 -0.0668911 
782 -0.00559322 
783 -0.0527823 
784 -0.078996 
785 -0.549432 
786 -0.00373142 
787 -0.0651158 
788 -0.177999 
789 -0.493529 
790 -0.703758 
791 -0.0224356 
792 -0.0850325 
793 -0.0115485 
794 -0.00212663 
795 -0.00280624 
796 -0.0898133 
797 -0.0500271 
798 -0.0967291 
799 -0.0662065 
800 -0.299435 
801 -0.00223247 
802 -0.0973198 
803 -0.0601289 
804 -0.0105165 
805 -0.935948 
806 -0.0248312 
807 -0.0671933 
808 -0.0564464 
809 -0.168727 
810 -0.3972 
811 -0.311236 
812 -0.0752861 
813 -0.0653592 
814 -0.093477 
815 -0.0441984 
816 -0.0179211 
817 -0.126244 
818 -0.0291245 
819 -0.0654688 
820 -0.00619391 
821 -0.0359015 
822 -0.280786 
823 -0.0695481 
824 -0.0118427 
825 -0.103435 
826 -0.0963973 
827 -0.0674192 
828 -0.024381 
829 -0.407147 
830 0.255645 
831 -0.262543 
832 -0.0718746 
833 -0.00671925 
834 -0.00603868 
835 -0.00609874 
836 -0.167006 
837 -0.078944 
838 -0.00582936 
839 -0.0692519 
840 -0.0669156 
841 -0.958046 
842 -0.98299 
843 -0.57049 
844 -0.0653071 
845 -0.0846402 
846 -0.117469 
847 -0.964746 
848 -0.853381 
849 -0.2862 
850 -0.0136082 
851 -0.0725529 
852 -0.00148682 
853 -0.87318 
854 -0.0961795 
855 -0.00689383 
856 -0.392975 
857 -0.730176 
858 -0.0335629 
859 -0.161275 
860 -0.0759592 
861 -0.0698757 
862 -0.0749092 
863 -0.00952762 
864 -0.13512 
865 -0.101605 
866 -0.799349 
867 -0.0724832 
868 -0.0659638 
869 -0.0753094 
870 -0.058744 
871 -0.0627602 
872 -0.681389 
873 -0.1237 
874 -0.0314515 
875 -0.0889661 
876 -0.0478754 
877 -0.0269116 
878 -0.983618 
879 -0.83756 
880 -0.00247925 
881 -0.0746508 
882 -0.0590493 
883 -0.0484565 
884 -0.141517 
885 -0.0548083 
886 -0.0623376 
887 -0.214238 
888 -0.105777 
889 -0.0443583 
890 -0.0275614 
891 -0.0329269 
892 -0.0905959 
893 -0.748185 
894 -0.0807626 
895 -0.0249406 
896 -0.063875 
