#Step KinEng PotEng TotEng E_pair E_bond E_angle Press Temp Lx Volume 
       0   0.48448444    14.197408    14.681893   -5.6481987    18.329377    1.5162301   -1.5880033   0.32303001           20         8000 
    1000   0.90857432    13.537788    14.446362   -5.1672985    18.441152   0.26393438 -0.023731935   0.60579194    20.307631    8374.8641 
    2000   0.84152234    13.368806    14.210329   -5.2633433    18.436398    0.1957513   0.12235134   0.56108503    20.190985    8231.3775 
    3000   0.80141624    13.215054     14.01647   -5.3818734    18.422912   0.17401462 -0.042122537   0.53434429    20.097688    8117.7989 
    4000   0.75673485    13.122368    13.879103   -5.4420089    18.402929   0.16144765 -0.017662514   0.50455297    20.039148    8047.0694 
    5000   0.74073253     13.07183    13.812562   -5.4892801    18.404188   0.15692193  -0.13430639   0.49388342     20.00598    8007.1782 
    6000   0.75101345    13.064484    13.815498    -5.493569    18.409532   0.14852164 -0.063985926   0.50073823    20.004212    8005.0553 
    7000   0.75765024    13.058842    13.816492   -5.4933334     18.40736   0.14481566  0.052870158   0.50516331    19.998398    7998.0772 
    8000   0.74505211    13.032254    13.777306   -5.5142239    18.405926   0.14055111 -0.0079720099    0.4967635    19.988098    7985.7256 
    9000   0.73701193    13.032729    13.769741   -5.5143893    18.410308    0.1368105   0.11843112   0.49140271    19.976962    7972.3858 
   10000    0.7484986    13.037289    13.785787   -5.5004055     18.40265   0.13504387  0.030402672   0.49906145    19.990442    7988.5357 
   11000   0.75027713    13.030088    13.780365   -5.5021396     18.40375   0.12847689  0.078963479   0.50024729    19.984336     7981.218 
   12000   0.73551847    13.027456    13.762975   -5.5092572    18.409334    0.1273798 -0.048655135   0.49040695    19.985423    7982.5203 
   13000   0.74442669    13.016705    13.761131   -5.5181553    18.408353   0.12650738 -0.057604482    0.4963465    19.986415    7983.7094 
   14000   0.75255358    13.014865    13.767419   -5.5149018    18.408831   0.12093617    0.1231882   0.50176511    19.988097    7985.7248 
   15000    0.7574797    12.999216    13.756695   -5.5294401    18.408439   0.12021634 -0.023930227    0.5050496    19.973802     7968.604 
   16000   0.73930196    13.000232    13.739534   -5.5255202    18.407788   0.11796464   0.10449598   0.49292959    19.969839    7963.8614 
   17000   0.75347396    12.999018    13.752492   -5.5194461    18.404446   0.11401762  0.067031738   0.50237877    19.975902    7971.1178 
   18000   0.74989375    13.004718    13.754612   -5.5221944    18.414257   0.11265527    0.1072679   0.49999166    19.977487     7973.015 
   19000   0.73898322    12.987562    13.726546     -5.53422    18.409019    0.1127631 -0.019628628   0.49271707    19.968162    7961.8546 
   20000   0.74279089    12.985882    13.728672   -5.5302976    18.404227   0.11195249   0.05576133   0.49525583    19.976803    7972.1956 
   21000   0.75959884     12.99031    13.749909   -5.5249614    18.408023   0.10724892 -0.028425493   0.50646253    19.986262    7983.5256 
   22000   0.74755842    12.976461    13.724019   -5.5332203     18.40187   0.10781159  -0.12542991   0.49843459    19.975304    7970.4019 
   23000   0.74597477    12.957586     13.70356   -5.5530269    18.403389   0.10722306  0.073883129   0.49737868    19.950476    7940.7186 
   24000   0.76218734    12.962776    13.724964   -5.5523237    18.409196   0.10590371  0.015008213   0.50818842    19.948596    7938.4734 
   25000   0.75735247    12.967059    13.724411   -5.5497206    18.413039   0.10374013 -0.010467811   0.50496477    19.954752    7945.8255 
   26000   0.74220958    12.956154    13.698363   -5.5555809    18.406779   0.10495596 -0.012687595   0.49486825    19.951276    7941.6737 
   27000   0.75057083     12.95014     13.70071   -5.5595942    18.406881   0.10285317 -0.078675292   0.50044311    19.946909    7936.4595 
   28000   0.75523148    12.954904    13.710135   -5.5568127    18.410164   0.10155281  -0.13453602    0.5035506    19.955213    7946.3755 
   29000    0.7444363    12.943731    13.688167   -5.5595347    18.403844  0.099421055  -0.12534029   0.49635291    19.951413    7941.8371 
   30000    0.7485442    12.941854    13.690398   -5.5656665    18.408056  0.099464226 -0.0019008186   0.49909186    19.945129    7934.3348 
   31000   0.76011213     12.95253    13.712642   -5.5605838    18.416496  0.096617729 -0.016959774   0.50680477    19.955109    7946.2516 
   32000   0.74578498    12.946789    13.692574   -5.5611567    18.411979  0.095966503  0.015016292   0.49725214     19.94947    7939.5167 
   33000   0.75765909    12.936836    13.694495   -5.5621363    18.402819  0.096152944 -0.022638085   0.50516921    19.949565     7939.631 
   34000    0.7639495    12.953162    13.717111   -5.5490568    18.406993  0.095226305 -0.026525745   0.50936333     19.95424    7945.2135 
   35000   0.75684334    12.944978    13.701821   -5.5609796    18.411259  0.094698826  0.023123678    0.5046253    19.947205     7936.813 
   36000   0.74484644    12.939839    13.684685   -5.5613967    18.410153  0.091082705 -0.015972918   0.49662637    19.954152     7945.108 
   37000   0.73823522    12.937189    13.675425   -5.5670128     18.41011  0.094091886 0.0038456521   0.49221834     19.95518    7946.3366 
   38000   0.75824286    12.940377     13.69862   -5.5627442    18.410429  0.092692466 0.0050909829   0.50555843    19.944303      7933.35 
   39000   0.75173572    12.938845    13.690581   -5.5598399    18.408057  0.090628264  -0.06986073    0.5012198    19.943439    7932.3186 
   40000   0.75279132    12.934893    13.687684   -5.5581445    18.402446  0.090590745  0.049674947   0.50192362    19.946049    7935.4337 
   41000   0.74376081    12.940957    13.684718    -5.562571    18.411926  0.091601585  0.033027121   0.49590253    19.950533    7940.7862 
   42000   0.73979174    12.922287    13.662079   -5.5673758    18.399869  0.089793942 -0.086651664   0.49325615    19.942999     7931.794 
   43000   0.74593587    12.936509    13.682445   -5.5612982    18.409005  0.088802732 -0.0025051867   0.49735275    19.949431    7939.4706 
   44000   0.75469925      12.9308    13.685499   -5.5702878    18.410941  0.090146066  0.017719548   0.50319574    19.949771    7939.8769 
   45000   0.74130188    12.923418     13.66472   -5.5737289    18.410359  0.086788237  -0.14424424   0.49426304    19.938595    7926.5406 
   46000   0.75050739    12.922596    13.673104   -5.5750664    18.409137  0.088525377 -0.024979516   0.50040081    19.939755     7927.924 
   47000   0.75240728    12.927165    13.679572   -5.5695728    18.408352  0.088385516  0.080809856   0.50166756     19.94355    7932.4506 
   48000   0.74835788    12.946491    13.694849   -5.5445523    18.404338  0.086705481 0.0032285125   0.49896762    19.953591    7944.4382 
   49000   0.75095101    12.944424    13.695375    -5.549277     18.40739  0.086310498 -0.026706482   0.50069659    19.952924    7943.6413 
   50000   0.75407277    12.918023    13.672096   -5.5689473    18.402247  0.084723188  0.067485241   0.50277803    19.931084    7917.5856 
   51000   0.75112881    12.916832     13.66796   -5.5738929    18.407778  0.082945985  0.064197517   0.50081514    19.926976    7912.6913 
   52000   0.73979458    12.924717    13.664512   -5.5733884    18.414931  0.083174675 -0.086874762   0.49325804    19.937486    7925.2171 
   53000   0.74625722    12.925642      13.6719   -5.5651321    18.406412  0.084362505 -0.077594172   0.49756701    19.953465    7944.2881 
   54000   0.76031198    12.921041    13.681353   -5.5731443    18.410623    0.0835625 -0.014783906   0.50693802    19.946846    7936.3844 
   55000   0.75389501     12.90457    13.658465   -5.5847211    18.406753  0.082538058 -0.024989839    0.5026595    19.929089    7915.2077 
   56000   0.75180833    12.918077    13.669886   -5.5726683    18.408048  0.082698076   0.11664264   0.50126821    19.928609    7914.6367 
   57000   0.75786524    12.930295     13.68816   -5.5605874      18.4102  0.080682204  -0.09244943   0.50530666    19.948555    7938.4247 
   58000    0.7477919    12.916597    13.664389   -5.5739306    18.410573  0.079954192 0.0077236783   0.49859026    19.941791    7930.3528 
   59000   0.75287836     12.90748    13.660358   -5.5729012    18.402447  0.077934004 -0.085189955   0.50198165    19.955255    7946.4263 
   60000   0.75882413    12.920368    13.679192   -5.5664163    18.407313  0.079470527  -0.17760043     0.505946    19.953139    7943.8982 
   61000   0.75882582    12.909211    13.668037   -5.5671396    18.400496  0.075853929 -0.0090624246   0.50594712    19.941792    7930.3535 
   62000   0.75153538     12.91056    13.662096   -5.5724106    18.405129  0.077842027  0.054886921   0.50108622    19.939209    7927.2724 
   63000   0.76107963    12.921818    13.682898   -5.5621649    18.408675  0.075308182  0.032358139   0.50744985    19.948202    7938.0036 
   64000   0.74848921    12.924213    13.672703   -5.5643685    18.412027   0.07655476 -0.051737374   0.49905519    19.947568    7937.2466 
   65000   0.75310055    12.911218    13.664318   -5.5736389    18.410535  0.074321226  -0.10952516    0.5021298    19.939072    7927.1095 
   66000   0.75626143    12.907482    13.663743   -5.5697909    18.403644  0.073628704  0.037757906   0.50423732     19.93334    7920.2739 
   67000    0.7571669    12.923415    13.680582   -5.5659643    18.415794  0.073585869   0.14763333   0.50484104    19.939433    7927.5397 
   68000   0.74232545     12.91445    13.656775   -5.5631257    18.404902  0.072673175 -0.058800488    0.4949455    19.947118    7936.7093 
   69000   0.75061029    12.911385    13.661996   -5.5684891    18.407432  0.072442687 -0.038053438   0.50046942    19.946347    7935.7896 
   70000   0.76257617    12.899515    13.662091   -5.5780096    18.406265  0.071259819   0.13478103   0.50844767    19.942656    7931.3849 
   71000   0.73960501    12.893143    13.632748   -5.5800736    18.403371  0.069845793   0.14500237   0.49313165    19.924234    7909.4245 
   72000   0.75210552    12.902006    13.654111   -5.5752991    18.406491   0.07081406   0.11049225   0.50146636    19.938611    7926.5587 
   73000   0.74831765    12.915117    13.663434   -5.5674302    18.411635  0.070912261 -0.019769951    0.4989408    19.950005    7940.1559 
   74000    0.7376938    12.902442    13.640136   -5.5761635    18.406981  0.071624695  -0.07442237   0.49185735    19.933696    7920.6984 
   75000   0.74840008    12.901854    13.650254   -5.5798016    18.411234  0.070421824 -0.038740835   0.49899576    19.936415    7923.9398 
   76000   0.75101742    12.907567    13.658584   -5.5680394    18.405289  0.070317101 -0.043827773   0.50074087     19.93163    7918.2362 
   77000     0.752822    12.898731    13.651553   -5.5827096    18.413448  0.067993199   0.25395376   0.50194408    19.916175    7899.8315 
   78000   0.74352394    12.891275    13.634799   -5.5782531    18.400048  0.069480326  0.065710396    0.4957446    19.920218    7904.6429 
   79000   0.75513066    12.892457    13.647588   -5.5830141    18.405922  0.069549676  -0.06150795   0.50348337     19.93596    7923.3982 
   80000   0.75168929    12.895244    13.646934   -5.5804441     18.40641  0.069278888  0.034808125   0.50118884    19.938874    7926.8722 
   81000   0.74356267    12.890367     13.63393   -5.5871761    18.409201  0.068342171 -0.082176275   0.49577041    19.933354     7920.291 
   82000   0.74326747    12.898178    13.641445   -5.5762918    18.407816  0.066653166 -0.057612596   0.49557359    19.928596    7914.6212 
   83000   0.74795003    12.903007    13.650957    -5.572591    18.408628  0.066969315  -0.10730188   0.49869569    19.939521    7927.6441 
   84000    0.7500744     12.87537    13.625445   -5.5927882    18.401237  0.066921277  -0.11878314   0.50011211     19.93506    7922.3253 
   85000     0.751941    12.888036    13.639977   -5.5826769    18.401196  0.069517304 -0.071831759   0.50135667    19.937834    7925.6324 
   86000   0.75686744    12.892922    13.649789    -5.577823    18.403367  0.067377058 -0.034377888   0.50464137    19.932407    7919.1619 
   87000   0.75117118    12.886877    13.638048   -5.5835778    18.401671  0.068783907    0.1217505   0.50084339    19.920957    7905.5233 
   88000   0.75223469     12.88774    13.639975   -5.5863609    18.406946  0.067155004 -0.012359626   0.50155249    19.932712    7919.5256 
   89000   0.75107808    12.895672     13.64675   -5.5783516    18.406907  0.067116666 -0.032405262   0.50078131    19.931049     7917.544 
   90000   0.75009723    12.884303      13.6344   -5.5877423    18.406266  0.065779074  0.077730793   0.50012733    19.923134    7908.1146 
   91000     0.748642    12.877687    13.626329    -5.592017    18.402926  0.066777771 -0.058322977   0.49915706    19.925613    7911.0677 
   92000   0.74906477    12.898277    13.647341   -5.5726968    18.405152  0.065821722 -0.075035374   0.49943895    19.938003    7925.8343 
   93000   0.74883515     12.89648    13.645315   -5.5780517    18.407731   0.06680084 -0.0014227338   0.49928585    19.935856    7923.2737 
   94000   0.73559473    12.893937    13.629532    -5.566203    18.395197  0.064943045 -0.065389989   0.49045779    19.946914    7936.4661 
   95000    0.7553314    12.893134    13.648465   -5.5754328     18.40377  0.064796278   -0.1274574   0.50361722    19.943628    7932.5438 
   96000   0.75054528    12.902139    13.652684   -5.5702006    18.405866  0.066472747   0.12138084   0.50042607    19.935669    7923.0509 
   97000   0.73724069    12.887726    13.624967   -5.5836676    18.409472  0.061922403 -0.0010787821   0.49155523    19.926554    7912.1881 
   98000   0.74081644    12.894784    13.635601   -5.5827375    18.412652  0.064869942 -0.077503813   0.49393937    19.939479    7927.5946 
   99000   0.74562787    12.902605    13.648233    -5.569941    18.409281  0.063264587  -0.13207183   0.49714739    19.945766    7935.0956 
  100000   0.75431345    12.900554    13.654867   -5.5688594    18.405755  0.063658404  -0.01131868    0.5029385    19.943336    7932.1956 
