#Step KinEng PotEng TotEng E_pair E_bond E_angle Press Temp Lx Volume 
       0   0.48448444    13.655906     14.14039   -5.7257674    19.348227  0.033446479   -2.3724629   0.32303001           20         8000 
    1000   0.60554605    13.608796    14.214343   -5.8052566    19.380942  0.033110606 -0.023649713   0.40374783    19.745816    7698.8395 
    2000   0.67649858    13.695046    14.371545    -5.746889    19.409106  0.032828756  0.038760667   0.45105544     19.77336    7731.1019 
    3000   0.73651621    13.770558    14.507074   -5.6877988    19.425527  0.032829923 0.0004647501   0.49107219    19.814973    7780.0152 
    4000   0.76593516    13.813717    14.579653   -5.6488816    19.430642    0.0319575  0.065869906   0.51068727     19.84269     7812.709 
    5000    0.7535252    13.797482    14.551007   -5.6657059    19.430162   0.03302636 -0.087107862   0.50241294    19.838823    7808.1421 
    6000   0.73635829    13.783204    14.519562   -5.6703435    19.420462  0.033085627 -0.00033169724    0.4909669    19.824835    7791.6373 
    7000   0.74532125    13.812589     14.55791   -5.6570763    19.437303  0.032362919 -0.057815875   0.49694295    19.833115    7801.4041 
    8000   0.76060286    13.814482    14.575085   -5.6514967    19.433199  0.032779059  0.081881175   0.50713197    19.841222     7810.975 
    9000   0.74754449    13.783272    14.530817   -5.6703335    19.421229  0.032376851 -0.016543368   0.49842529    19.830386    7798.1842 
   10000   0.73874292    13.798583    14.537326   -5.6606555    19.427569  0.031669293 -0.096345524   0.49255685     19.83208    7800.1832 
   11000   0.74870644    13.823548    14.572254   -5.6441105     19.43573  0.031928291  0.028427448   0.49920003    19.844886    7815.3028 
   12000   0.75608091    13.793168    14.549248   -5.6654025    19.426849  0.031721113  0.017398619   0.50411695    19.833301    7801.6235 
   13000   0.73563961    13.799539    14.535178   -5.6629384    19.430756  0.031721006     0.115055   0.49048772     19.82636    7793.4357 
   14000   0.75127092    13.806367    14.557638   -5.6549764    19.429354  0.031989442 -0.087939949   0.50090989    19.842917    7812.9769 
   15000   0.75106107    13.811009     14.56207   -5.6506237    19.430268  0.031364721 0.0031018838   0.50076998    19.842216    7812.1493 
   16000   0.74269515    13.796162    14.538857   -5.6556985    19.419863  0.031997108   0.15191198     0.495192    19.835308     7803.993 
   17000   0.75135389    13.804633    14.555987   -5.6558636    19.428747  0.031749914   0.18262661   0.50096522    19.833113    7801.4021 
   18000   0.75824327    13.806142    14.564385   -5.6538083     19.42836  0.031589882  0.048475442   0.50555871    19.841262    7811.0227 
   19000   0.74856391    13.789542    14.538106   -5.6664904    19.424742   0.03128998  0.084356636     0.499105    19.828085    7795.4704 
   20000    0.7486363     13.79638    14.545017   -5.6675141    19.432126   0.03176803  -0.04409872   0.49915326    19.829844    7797.5449 
   21000   0.76219685    13.804181    14.566378   -5.6531322    19.425841  0.031471518 -0.052866376   0.50819476    19.847248     7818.094 
   22000   0.75525573    13.789798    14.545053   -5.6622696    19.420463  0.031604659   0.11601977   0.50356676    19.822247    7788.5864 
   23000   0.75268341    13.790559    14.543242   -5.6659775    19.424749  0.031786571   0.12363381   0.50185167    19.826301    7793.3659 
   24000   0.75605769    13.806741    14.562799   -5.6605146    19.435831  0.031424073 -0.014753034   0.50410147    19.835079    7803.7225 
   25000   0.73629189    13.814776    14.551068   -5.6465461    19.429736   0.03158679 0.0053752827   0.49092262     19.84234    7812.2955 
   26000   0.74639412    13.812027    14.558421   -5.6564489    19.436691  0.031784881   0.11295243   0.49765829    19.835755    7804.5207 
   27000   0.75484373    13.817604    14.572447   -5.6435522    19.429442  0.031714152    0.1310722   0.50329207    19.829406    7797.0289 
   28000   0.74921536    13.799105     14.54832   -5.6561933    19.423856  0.031442023   0.01775827   0.49953935    19.837829    7806.9682 
   29000   0.74006606    13.802434      14.5425    -5.651916    19.422728  0.031622586  -0.19206537   0.49343905    19.852432     7824.222 
   30000   0.75664225    13.807303    14.563946   -5.6448796    19.420418  0.031765348  -0.13807973   0.50449123    19.850034    7821.3873 
   31000   0.75383242    13.805629    14.559462   -5.6483894     19.42266  0.031358975  0.068352609   0.50261778    19.837073    7806.0764 
   32000   0.73701933    13.804359    14.541378   -5.6616418    19.434444  0.031556703 -0.026915976   0.49140765    19.830194     7797.958 
   33000   0.75387139    13.807746    14.561618   -5.6534131    19.429907  0.031251726  -0.11539149   0.50264376    19.837036    7806.0324 
   34000    0.7528219     13.80286    14.555682   -5.6623023    19.433838  0.031323983  0.052196177   0.50194401    19.828101    7795.4895 
   35000   0.74963728    13.794755    14.544392   -5.6642264    19.428027  0.030954194 -0.067600186   0.49982066    19.835159     7803.817 
   36000   0.75395253    13.822289    14.576242   -5.6417456    19.432621  0.031414294  0.011820653   0.50269786    19.849358    7820.5875 
   37000   0.74323411    13.816743    14.559977   -5.6440309    19.430014  0.030759589  0.057273342   0.49555135     19.84333    7813.4654 
   38000   0.74488693    13.812043     14.55693   -5.6441386     19.42507  0.031111665 -0.046180064   0.49665337    19.844639    7815.0109 
   39000   0.75084003    13.826182    14.577022   -5.6411962    19.436335   0.03104335  0.090469333    0.5006226    19.842536    7812.5265 
   40000   0.76033394    13.803659    14.563993   -5.6437425    19.416647  0.030754643 -0.034521458   0.50695266    19.838995    7808.3449 
   41000   0.74568922     13.83549    14.581179   -5.6274045    19.432076  0.030818195  0.096165659   0.49718829    19.843248    7813.3678 
   42000   0.76011653    13.825685    14.585801   -5.6388082    19.433744  0.030748671 0.00074958873    0.5068077    19.855552    7827.9116 
   43000   0.75281725    13.812588    14.565405   -5.6429144    19.424547  0.030954856  0.005870946   0.50194091     19.84837    7819.4203 
   44000   0.74937056    13.819631    14.569002   -5.6411817    19.429926  0.030886368  0.094279568   0.49964283    19.856608    7829.1608 
   45000   0.75314333    13.844799    14.597942   -5.6174459    19.431121  0.031123417  -0.14049621   0.50215832    19.870684    7845.8223 
   46000   0.74729833    13.839224    14.586522   -5.6198613    19.428505  0.030579582  -0.16208928   0.49826117    19.868005     7842.649 
   47000   0.74261176    13.828649    14.571261   -5.6255002    19.423207  0.030942859     0.154058    0.4951364    19.860561    7833.8374 
   48000   0.74687442    13.827692    14.574567   -5.6352497    19.432758  0.030184144 -0.012543861   0.49797853    19.857887    7830.6735 
   49000   0.74656757    13.827096    14.573663   -5.6361061    19.432508   0.03069344 -0.084121208   0.49777393    19.854541    7826.7155 
   50000   0.75685321    13.822974    14.579827   -5.6362254    19.428491  0.030707863   0.13661431   0.50463188    19.846658    7817.3965 
   51000   0.75308824    13.839286    14.592374   -5.6265013    19.435245   0.03054177  0.047691461   0.50212159    19.851492     7823.111 
   52000   0.73470061    13.834127    14.568828   -5.6275112    19.430464   0.03117422 -0.038438987   0.48986164    19.857564    7830.2915 
   53000   0.75455417    13.826795    14.581349   -5.6354007    19.430763   0.03143252  0.019751249     0.503099    19.861166    7834.5525 
   54000   0.75480976    13.848555    14.603365   -5.6143151    19.432292  0.030577879  0.076286045   0.50326941    19.872424    7847.8833 
   55000   0.75745279    13.834284    14.591737   -5.6318381    19.435675  0.030446959   0.20765616   0.50503166    19.839908    7809.4236 
   56000   0.75051715    13.824303     14.57482   -5.6349316     19.42865  0.030584607   0.13711416   0.50040732    19.839269    7808.6684 
   57000   0.75683238    13.814414    14.571246   -5.6446065    19.428789  0.030231228   -0.1702913     0.504618    19.851287    7822.8677 
   58000   0.75527914    13.838364    14.593643   -5.6229528    19.431236  0.030080854 -0.034036662   0.50358238    19.860902    7834.2401 
   59000   0.74592584    13.828919    14.574844   -5.6306731    19.429601  0.029990838 -0.066422253   0.49734606    19.851634    7823.2784 
   60000   0.74886803    13.825286    14.574154   -5.6350976    19.429623  0.030761011  0.036843739   0.49930777    19.841929    7811.8105 
   61000   0.75212393    13.835445    14.587569   -5.6230321    19.427507  0.030970014   0.11814616   0.50147864    19.860209    7833.4201 
   62000   0.75658552     13.85007    14.606656   -5.6100586    19.430159  0.029969359  0.053595666    0.5044534    19.869695    7844.6511 
   63000   0.74500212    13.831497    14.576499   -5.6273522    19.428794  0.030054948 -0.045276959   0.49673017    19.849123    7820.3106 
   64000   0.75354869    13.811603    14.565152   -5.6428962    19.423506  0.030993821 -0.0086027664    0.5024286    19.841649    7811.4797 
   65000   0.74506293    13.834734    14.579797   -5.6340329    19.438345  0.030422263   0.11223374   0.49677072    19.847578    7818.4845 
   66000   0.74815864    13.837912     14.58607   -5.6268228    19.434274  0.030460113  -0.04473832   0.49883478    19.855635    7828.0093 
   67000    0.7377189    13.822511     14.56023   -5.6382609    19.430832  0.029940033 -0.076031363   0.49187408    19.851691    7823.3458 
   68000   0.74394605    13.829355    14.573301    -5.630517    19.429704   0.03016805  -0.20466575   0.49602604    19.858534     7831.439 
   69000   0.75126201    13.836652    14.587914   -5.6225098    19.429472  0.029690118  0.055533304   0.50090395    19.851665    7823.3144 
   70000   0.75061975    13.813346    14.563966   -5.6383795    19.421802  0.029923033 -0.070586313   0.50047573    19.850366    7821.7789 
   71000   0.74586835    13.819516    14.565384   -5.6333876    19.422746  0.030157535 -0.083013452   0.49730773    19.854767    7826.9827 
   72000   0.74671387    13.827169    14.573883   -5.6292836    19.426143  0.030309456  -0.19885855   0.49787148    19.867811    7842.4192 
   73000   0.74611488    13.843498    14.589613   -5.6180544    19.431989   0.02956321  -0.22440777    0.4974721    19.858386    7831.2638 
   74000   0.75508032    13.813086    14.568167    -5.641868    19.424802   0.03015238 0.00079282183   0.50344981    19.842017    7811.9142 
   75000   0.75318981    13.821657    14.574847   -5.6400075    19.432425  0.029239382   0.19213353   0.50218931      19.8356    7804.3373 
   76000   0.75277076    13.830959    14.583729   -5.6344613    19.435829  0.029590772   0.21356248   0.50190991    19.845195    7815.6678 
   77000    0.7509098     13.82237     14.57328   -5.6341844    19.426668  0.029886891 -0.021109966   0.50066911    19.857871     7830.654 
   78000   0.73655031    13.817701    14.554251   -5.6372399    19.425605  0.029335623  0.020171232   0.49109493    19.846508    7817.2199 
   79000   0.74998663    13.831491    14.581478   -5.6259571    19.427909  0.029538825 -0.076655464    0.5000536    19.859367    7832.4238 
   80000    0.7508686    13.842177    14.593045   -5.6159339    19.428278  0.029832484  0.025017484   0.50064165    19.860228    7833.4426 
   81000   0.75107009    13.837757    14.588827   -5.6235664    19.432008  0.029315908  -0.10087254   0.50077599    19.863169    7836.9235 
   82000    0.7532688    13.820532    14.573801     -5.63359    19.425248  0.028873828 -0.071370666   0.50224198    19.863282    7837.0575 
   83000   0.76359358    13.836166    14.599759   -5.6245187    19.431239  0.029445305 -0.013646383   0.50912603    19.858879    7831.8467 
   84000   0.76185907    13.824631     14.58649   -5.6339993    19.429439  0.029191478 -0.072195859   0.50796954    19.855465    7827.8081 
   85000   0.74300639    13.828646    14.571652    -5.629889    19.429592  0.028942581  -0.15481503   0.49539952     19.86002    7833.1968 
   86000     0.753948    13.825751    14.579699   -5.6248523     19.42184  0.028762885  -0.11633484   0.50269484    19.868099    7842.7602 
   87000   0.76151892    13.847814    14.609333   -5.6083027    19.427279   0.02883737 0.0056825296   0.50774275     19.87023     7845.284 
   88000   0.75245193    13.833366    14.585818   -5.6247339    19.429595  0.028505483   0.11151071   0.50169733    19.858991    7831.9792 
   89000   0.74231343    13.830358    14.572671   -5.6318976    19.433616  0.028639201  0.037509872   0.49493749    19.840774    7810.4456 
   90000   0.73658113    13.817213    14.553794   -5.6408152    19.428996  0.029032478 -0.0082365357   0.49111548    19.843133    7813.2321 
   91000   0.74471282    13.833795    14.578507   -5.6243435    19.429132  0.029005855 -0.074738888   0.49653728     19.86135    7834.7713 
   92000   0.75347999    13.832262    14.585742   -5.6286427    19.431871  0.029033346   -0.1586171   0.50238279    19.864051     7837.968 
   93000   0.74258773    13.824569    14.567156   -5.6309872    19.426564  0.028992226 0.0094627892   0.49512038    19.855415    7827.7493 
   94000   0.75155843    13.832799    14.584357   -5.6199761     19.42454  0.028235003  0.082320885   0.50110159    19.854412    7826.5634 
   95000   0.73925043    13.849067    14.588318    -5.613109    19.433249  0.028927572  0.047918376   0.49289523    19.859629    7832.7345 
   96000   0.74700319    13.826238    14.573241   -5.6249331    19.421968  0.029203033  -0.19310914   0.49806439    19.868545    7843.2882 
   97000   0.74679096    13.825485    14.572276   -5.6281163    19.424615  0.028986268  -0.11084067   0.49792288     19.86332    7837.1029 
   98000   0.75925214    13.835087     14.59434   -5.6271569    19.433099  0.029145061   0.22444368   0.50623137    19.846545    7817.2634 
   99000   0.74426975    13.838797    14.583067    -5.622012    19.431867  0.028942153   0.14065345   0.49624186    19.848952    7820.1083 
  100000   0.74959737    13.826406    14.576004   -5.6281001    19.425437  0.029069471  -0.20096071   0.49979406    19.863826    7837.7015 
